N_MACHINES:10	N_JOBS:100	CHARGING_TIME:60	INITIAL_CHARGE:10
D:[
22	22	22	22	22	22	22	22	22	22
56	56	56	56	56	56	56	56	56	56
8	8	8	8	8	8	8	8	8	8
21	21	21	21	21	21	21	21	21	21
15	15	15	15	15	15	15	15	15	15
19	19	19	19	19	19	19	19	19	19
39	39	39	39	39	39	39	39	39	39
13	13	13	13	13	13	13	13	13	13
29	29	29	29	29	29	29	29	29	29
21	21	21	21	21	21	21	21	21	21
2	2	2	2	2	2	2	2	2	2
54	54	54	54	54	54	54	54	54	54
49	49	49	49	49	49	49	49	49	49
43	43	43	43	43	43	43	43	43	43
34	34	34	34	34	34	34	34	34	34
25	25	25	25	25	25	25	25	25	25
37	37	37	37	37	37	37	37	37	37
25	25	25	25	25	25	25	25	25	25
2	2	2	2	2	2	2	2	2	2
5	5	5	5	5	5	5	5	5	5
8	8	8	8	8	8	8	8	8	8
9	9	9	9	9	9	9	9	9	9
16	16	16	16	16	16	16	16	16	16
34	34	34	34	34	34	34	34	34	34
17	17	17	17	17	17	17	17	17	17
32	32	32	32	32	32	32	32	32	32
38	38	38	38	38	38	38	38	38	38
42	42	42	42	42	42	42	42	42	42
19	19	19	19	19	19	19	19	19	19
20	20	20	20	20	20	20	20	20	20
46	46	46	46	46	46	46	46	46	46
6	6	6	6	6	6	6	6	6	6
25	25	25	25	25	25	25	25	25	25
10	10	10	10	10	10	10	10	10	10
16	16	16	16	16	16	16	16	16	16
44	44	44	44	44	44	44	44	44	44
37	37	37	37	37	37	37	37	37	37
7	7	7	7	7	7	7	7	7	7
27	27	27	27	27	27	27	27	27	27
22	22	22	22	22	22	22	22	22	22
21	21	21	21	21	21	21	21	21	21
0	0	0	0	0	0	0	0	0	0
4	4	4	4	4	4	4	4	4	4
11	11	11	11	11	11	11	11	11	11
7	7	7	7	7	7	7	7	7	7
29	29	29	29	29	29	29	29	29	29
36	36	36	36	36	36	36	36	36	36
41	41	41	41	41	41	41	41	41	41
22	22	22	22	22	22	22	22	22	22
3	3	3	3	3	3	3	3	3	3
32	32	32	32	32	32	32	32	32	32
10	10	10	10	10	10	10	10	10	10
23	23	23	23	23	23	23	23	23	23
9	9	9	9	9	9	9	9	9	9
26	26	26	26	26	26	26	26	26	26
26	26	26	26	26	26	26	26	26	26
43	43	43	43	43	43	43	43	43	43
35	35	35	35	35	35	35	35	35	35
22	22	22	22	22	22	22	22	22	22
13	13	13	13	13	13	13	13	13	13
14	14	14	14	14	14	14	14	14	14
9	9	9	9	9	9	9	9	9	9
44	44	44	44	44	44	44	44	44	44
7	7	7	7	7	7	7	7	7	7
34	34	34	34	34	34	34	34	34	34
3	3	3	3	3	3	3	3	3	3
22	22	22	22	22	22	22	22	22	22
15	15	15	15	15	15	15	15	15	15
18	18	18	18	18	18	18	18	18	18
9	9	9	9	9	9	9	9	9	9
36	36	36	36	36	36	36	36	36	36
55	55	55	55	55	55	55	55	55	55
51	51	51	51	51	51	51	51	51	51
14	14	14	14	14	14	14	14	14	14
27	27	27	27	27	27	27	27	27	27
34	34	34	34	34	34	34	34	34	34
39	39	39	39	39	39	39	39	39	39
58	58	58	58	58	58	58	58	58	58
9	9	9	9	9	9	9	9	9	9
4	4	4	4	4	4	4	4	4	4
17	17	17	17	17	17	17	17	17	17
46	46	46	46	46	46	46	46	46	46
23	23	23	23	23	23	23	23	23	23
46	46	46	46	46	46	46	46	46	46
43	43	43	43	43	43	43	43	43	43
9	9	9	9	9	9	9	9	9	9
7	7	7	7	7	7	7	7	7	7
0	0	0	0	0	0	0	0	0	0
15	15	15	15	15	15	15	15	15	15
3	3	3	3	3	3	3	3	3	3
0	0	0	0	0	0	0	0	0	0
32	32	32	32	32	32	32	32	32	32
41	41	41	41	41	41	41	41	41	41
3	3	3	3	3	3	3	3	3	3
7	7	7	7	7	7	7	7	7	7
17	17	17	17	17	17	17	17	17	17
0	0	0	0	0	0	0	0	0	0
19	19	19	19	19	19	19	19	19	19
49	49	49	49	49	49	49	49	49	49
26	26	26	26	26	26	26	26	26	26
]
w:[
1.6	1.6	1.6	1.6	1.6	1.6	1.6	1.6	1.6	1.6
0.8	0.8	0.8	0.8	0.8	0.8	0.8	0.8	0.8	0.8
0.4	0.4	0.4	0.4	0.4	0.4	0.4	0.4	0.4	0.4
1.6	1.6	1.6	1.6	1.6	1.6	1.6	1.6	1.6	1.6
1.0	1.0	1.0	1.0	1.0	1.0	1.0	1.0	1.0	1.0
0.2	0.2	0.2	0.2	0.2	0.2	0.2	0.2	0.2	0.2
1.8	1.8	1.8	1.8	1.8	1.8	1.8	1.8	1.8	1.8
1.6	1.6	1.6	1.6	1.6	1.6	1.6	1.6	1.6	1.6
0.2	0.2	0.2	0.2	0.2	0.2	0.2	0.2	0.2	0.2
3.2	3.2	3.2	3.2	3.2	3.2	3.2	3.2	3.2	3.2
0.8	0.8	0.8	0.8	0.8	0.8	0.8	0.8	0.8	0.8
2.7	2.7	2.7	2.7	2.7	2.7	2.7	2.7	2.7	2.7
1.4	1.4	1.4	1.4	1.4	1.4	1.4	1.4	1.4	1.4
0.3	0.3	0.3	0.3	0.3	0.3	0.3	0.3	0.3	0.3
3.1	3.1	3.1	3.1	3.1	3.1	3.1	3.1	3.1	3.1
0.7	0.7	0.7	0.7	0.7	0.7	0.7	0.7	0.7	0.7
0.8	0.8	0.8	0.8	0.8	0.8	0.8	0.8	0.8	0.8
0.5	0.5	0.5	0.5	0.5	0.5	0.5	0.5	0.5	0.5
0.8	0.8	0.8	0.8	0.8	0.8	0.8	0.8	0.8	0.8
2.3	2.3	2.3	2.3	2.3	2.3	2.3	2.3	2.3	2.3
2.4	2.4	2.4	2.4	2.4	2.4	2.4	2.4	2.4	2.4
0.8	0.8	0.8	0.8	0.8	0.8	0.8	0.8	0.8	0.8
1.7	1.7	1.7	1.7	1.7	1.7	1.7	1.7	1.7	1.7
1.0	1.0	1.0	1.0	1.0	1.0	1.0	1.0	1.0	1.0
1.6	1.6	1.6	1.6	1.6	1.6	1.6	1.6	1.6	1.6
1.5	1.5	1.5	1.5	1.5	1.5	1.5	1.5	1.5	1.5
1.4	1.4	1.4	1.4	1.4	1.4	1.4	1.4	1.4	1.4
2.2	2.2	2.2	2.2	2.2	2.2	2.2	2.2	2.2	2.2
1.2	1.2	1.2	1.2	1.2	1.2	1.2	1.2	1.2	1.2
1.0	1.0	1.0	1.0	1.0	1.0	1.0	1.0	1.0	1.0
0.4	0.4	0.4	0.4	0.4	0.4	0.4	0.4	0.4	0.4
1.7	1.7	1.7	1.7	1.7	1.7	1.7	1.7	1.7	1.7
0.6	0.6	0.6	0.6	0.6	0.6	0.6	0.6	0.6	0.6
2.1	2.1	2.1	2.1	2.1	2.1	2.1	2.1	2.1	2.1
0.2	0.2	0.2	0.2	0.2	0.2	0.2	0.2	0.2	0.2
3.1	3.1	3.1	3.1	3.1	3.1	3.1	3.1	3.1	3.1
1.0	1.0	1.0	1.0	1.0	1.0	1.0	1.0	1.0	1.0
1.7	1.7	1.7	1.7	1.7	1.7	1.7	1.7	1.7	1.7
1.2	1.2	1.2	1.2	1.2	1.2	1.2	1.2	1.2	1.2
0.8	0.8	0.8	0.8	0.8	0.8	0.8	0.8	0.8	0.8
1.5	1.5	1.5	1.5	1.5	1.5	1.5	1.5	1.5	1.5
2.2	2.2	2.2	2.2	2.2	2.2	2.2	2.2	2.2	2.2
0.2	0.2	0.2	0.2	0.2	0.2	0.2	0.2	0.2	0.2
2.0	2.0	2.0	2.0	2.0	2.0	2.0	2.0	2.0	2.0
1.7	1.7	1.7	1.7	1.7	1.7	1.7	1.7	1.7	1.7
1.6	1.6	1.6	1.6	1.6	1.6	1.6	1.6	1.6	1.6
1.6	1.6	1.6	1.6	1.6	1.6	1.6	1.6	1.6	1.6
2.2	2.2	2.2	2.2	2.2	2.2	2.2	2.2	2.2	2.2
1.3	1.3	1.3	1.3	1.3	1.3	1.3	1.3	1.3	1.3
2.6	2.6	2.6	2.6	2.6	2.6	2.6	2.6	2.6	2.6
0.1	0.1	0.1	0.1	0.1	0.1	0.1	0.1	0.1	0.1
1.4	1.4	1.4	1.4	1.4	1.4	1.4	1.4	1.4	1.4
2.0	2.0	2.0	2.0	2.0	2.0	2.0	2.0	2.0	2.0
3.4	3.4	3.4	3.4	3.4	3.4	3.4	3.4	3.4	3.4
1.5	1.5	1.5	1.5	1.5	1.5	1.5	1.5	1.5	1.5
2.6	2.6	2.6	2.6	2.6	2.6	2.6	2.6	2.6	2.6
0.8	0.8	0.8	0.8	0.8	0.8	0.8	0.8	0.8	0.8
2.1	2.1	2.1	2.1	2.1	2.1	2.1	2.1	2.1	2.1
1.4	1.4	1.4	1.4	1.4	1.4	1.4	1.4	1.4	1.4
2.9	2.9	2.9	2.9	2.9	2.9	2.9	2.9	2.9	2.9
3.0	3.0	3.0	3.0	3.0	3.0	3.0	3.0	3.0	3.0
0.6	0.6	0.6	0.6	0.6	0.6	0.6	0.6	0.6	0.6
2.9	2.9	2.9	2.9	2.9	2.9	2.9	2.9	2.9	2.9
1.8	1.8	1.8	1.8	1.8	1.8	1.8	1.8	1.8	1.8
2.5	2.5	2.5	2.5	2.5	2.5	2.5	2.5	2.5	2.5
1.4	1.4	1.4	1.4	1.4	1.4	1.4	1.4	1.4	1.4
1.7	1.7	1.7	1.7	1.7	1.7	1.7	1.7	1.7	1.7
0.6	0.6	0.6	0.6	0.6	0.6	0.6	0.6	0.6	0.6
1.2	1.2	1.2	1.2	1.2	1.2	1.2	1.2	1.2	1.2
1.1	1.1	1.1	1.1	1.1	1.1	1.1	1.1	1.1	1.1
0.7	0.7	0.7	0.7	0.7	0.7	0.7	0.7	0.7	0.7
1.0	1.0	1.0	1.0	1.0	1.0	1.0	1.0	1.0	1.0
1.8	1.8	1.8	1.8	1.8	1.8	1.8	1.8	1.8	1.8
1.3	1.3	1.3	1.3	1.3	1.3	1.3	1.3	1.3	1.3
3.3	3.3	3.3	3.3	3.3	3.3	3.3	3.3	3.3	3.3
0.8	0.8	0.8	0.8	0.8	0.8	0.8	0.8	0.8	0.8
1.6	1.6	1.6	1.6	1.6	1.6	1.6	1.6	1.6	1.6
0.8	0.8	0.8	0.8	0.8	0.8	0.8	0.8	0.8	0.8
2.1	2.1	2.1	2.1	2.1	2.1	2.1	2.1	2.1	2.1
1.8	1.8	1.8	1.8	1.8	1.8	1.8	1.8	1.8	1.8
1.5	1.5	1.5	1.5	1.5	1.5	1.5	1.5	1.5	1.5
1.4	1.4	1.4	1.4	1.4	1.4	1.4	1.4	1.4	1.4
1.8	1.8	1.8	1.8	1.8	1.8	1.8	1.8	1.8	1.8
1.3	1.3	1.3	1.3	1.3	1.3	1.3	1.3	1.3	1.3
2.8	2.8	2.8	2.8	2.8	2.8	2.8	2.8	2.8	2.8
1.5	1.5	1.5	1.5	1.5	1.5	1.5	1.5	1.5	1.5
0.3	0.3	0.3	0.3	0.3	0.3	0.3	0.3	0.3	0.3
1.2	1.2	1.2	1.2	1.2	1.2	1.2	1.2	1.2	1.2
0.2	0.2	0.2	0.2	0.2	0.2	0.2	0.2	0.2	0.2
0.5	0.5	0.5	0.5	0.5	0.5	0.5	0.5	0.5	0.5
0.1	0.1	0.1	0.1	0.1	0.1	0.1	0.1	0.1	0.1
2.5	2.5	2.5	2.5	2.5	2.5	2.5	2.5	2.5	2.5
1.1	1.1	1.1	1.1	1.1	1.1	1.1	1.1	1.1	1.1
0.6	0.6	0.6	0.6	0.6	0.6	0.6	0.6	0.6	0.6
2.2	2.2	2.2	2.2	2.2	2.2	2.2	2.2	2.2	2.2
1.1	1.1	1.1	1.1	1.1	1.1	1.1	1.1	1.1	1.1
2.1	2.1	2.1	2.1	2.1	2.1	2.1	2.1	2.1	2.1
0.7	0.7	0.7	0.7	0.7	0.7	0.7	0.7	0.7	0.7
2.1	2.1	2.1	2.1	2.1	2.1	2.1	2.1	2.1	2.1
3.6	3.6	3.6	3.6	3.6	3.6	3.6	3.6	3.6	3.6
]
