N_MACHINES:5	N_JOBS:150	CHARGING_TIME:60	INITIAL_CHARGE:10
D:[
92	92	92	92	92
57	57	57	57	57
64	64	64	64	64
79	79	79	79	79
4	4	4	4	4
77	77	77	77	77
19	19	19	19	19
59	59	59	59	59
62	62	62	62	62
80	80	80	80	80
56	56	56	56	56
32	32	32	32	32
118	118	118	118	118
22	22	22	22	22
115	115	115	115	115
43	43	43	43	43
32	32	32	32	32
54	54	54	54	54
8	8	8	8	8
33	33	33	33	33
26	26	26	26	26
21	21	21	21	21
32	32	32	32	32
52	52	52	52	52
18	18	18	18	18
33	33	33	33	33
25	25	25	25	25
32	32	32	32	32
94	94	94	94	94
21	21	21	21	21
53	53	53	53	53
45	45	45	45	45
51	51	51	51	51
11	11	11	11	11
42	42	42	42	42
55	55	55	55	55
34	34	34	34	34
48	48	48	48	48
12	12	12	12	12
2	2	2	2	2
57	57	57	57	57
56	56	56	56	56
40	40	40	40	40
57	57	57	57	57
7	7	7	7	7
23	23	23	23	23
28	28	28	28	28
7	7	7	7	7
14	14	14	14	14
39	39	39	39	39
7	7	7	7	7
38	38	38	38	38
83	83	83	83	83
30	30	30	30	30
28	28	28	28	28
11	11	11	11	11
47	47	47	47	47
28	28	28	28	28
45	45	45	45	45
26	26	26	26	26
78	78	78	78	78
20	20	20	20	20
47	47	47	47	47
54	54	54	54	54
27	27	27	27	27
4	4	4	4	4
54	54	54	54	54
26	26	26	26	26
61	61	61	61	61
52	52	52	52	52
5	5	5	5	5
37	37	37	37	37
21	21	21	21	21
1	1	1	1	1
77	77	77	77	77
27	27	27	27	27
32	32	32	32	32
13	13	13	13	13
43	43	43	43	43
51	51	51	51	51
10	10	10	10	10
12	12	12	12	12
28	28	28	28	28
74	74	74	74	74
33	33	33	33	33
28	28	28	28	28
50	50	50	50	50
52	52	52	52	52
57	57	57	57	57
58	58	58	58	58
26	26	26	26	26
34	34	34	34	34
18	18	18	18	18
3	3	3	3	3
35	35	35	35	35
68	68	68	68	68
34	34	34	34	34
16	16	16	16	16
13	13	13	13	13
75	75	75	75	75
9	9	9	9	9
51	51	51	51	51
15	15	15	15	15
30	30	30	30	30
45	45	45	45	45
20	20	20	20	20
19	19	19	19	19
27	27	27	27	27
26	26	26	26	26
22	22	22	22	22
11	11	11	11	11
42	42	42	42	42
54	54	54	54	54
63	63	63	63	63
66	66	66	66	66
40	40	40	40	40
15	15	15	15	15
72	72	72	72	72
71	71	71	71	71
79	79	79	79	79
38	38	38	38	38
28	28	28	28	28
23	23	23	23	23
58	58	58	58	58
24	24	24	24	24
58	58	58	58	58
37	37	37	37	37
61	61	61	61	61
56	56	56	56	56
34	34	34	34	34
41	41	41	41	41
41	41	41	41	41
41	41	41	41	41
38	38	38	38	38
54	54	54	54	54
79	79	79	79	79
11	11	11	11	11
34	34	34	34	34
86	86	86	86	86
41	41	41	41	41
97	97	97	97	97
42	42	42	42	42
76	76	76	76	76
36	36	36	36	36
45	45	45	45	45
30	30	30	30	30
45	45	45	45	45
6	6	6	6	6
44	44	44	44	44
38	38	38	38	38
]
w:[
2.2	2.2	2.2	2.2	2.2
2.1	2.1	2.1	2.1	2.1
4.6	4.6	4.6	4.6	4.6
6.1	6.1	6.1	6.1	6.1
4.1	4.1	4.1	4.1	4.1
1.1	1.1	1.1	1.1	1.1
0.4	0.4	0.4	0.4	0.4
5.9	5.9	5.9	5.9	5.9
3.1	3.1	3.1	3.1	3.1
3.0	3.0	3.0	3.0	3.0
5.5	5.5	5.5	5.5	5.5
2.3	2.3	2.3	2.3	2.3
1.8	1.8	1.8	1.8	1.8
1.4	1.4	1.4	1.4	1.4
3.2	3.2	3.2	3.2	3.2
0.9	0.9	0.9	0.9	0.9
0.9	0.9	0.9	0.9	0.9
4.7	4.7	4.7	4.7	4.7
0.5	0.5	0.5	0.5	0.5
0.5	0.5	0.5	0.5	0.5
0.5	0.5	0.5	0.5	0.5
2.5	2.5	2.5	2.5	2.5
2.9	2.9	2.9	2.9	2.9
3.9	3.9	3.9	3.9	3.9
0.7	0.7	0.7	0.7	0.7
2.1	2.1	2.1	2.1	2.1
3.4	3.4	3.4	3.4	3.4
5.0	5.0	5.0	5.0	5.0
1.3	1.3	1.3	1.3	1.3
3.4	3.4	3.4	3.4	3.4
3.2	3.2	3.2	3.2	3.2
4.3	4.3	4.3	4.3	4.3
2.9	2.9	2.9	2.9	2.9
1.2	1.2	1.2	1.2	1.2
2.3	2.3	2.3	2.3	2.3
2.6	2.6	2.6	2.6	2.6
2.1	2.1	2.1	2.1	2.1
2.7	2.7	2.7	2.7	2.7
1.9	1.9	1.9	1.9	1.9
3.3	3.3	3.3	3.3	3.3
1.0	1.0	1.0	1.0	1.0
2.1	2.1	2.1	2.1	2.1
2.4	2.4	2.4	2.4	2.4
0.3	0.3	0.3	0.3	0.3
3.3	3.3	3.3	3.3	3.3
2.5	2.5	2.5	2.5	2.5
1.9	1.9	1.9	1.9	1.9
4.4	4.4	4.4	4.4	4.4
2.1	2.1	2.1	2.1	2.1
0.8	0.8	0.8	0.8	0.8
0.5	0.5	0.5	0.5	0.5
2.1	2.1	2.1	2.1	2.1
3.6	3.6	3.6	3.6	3.6
3.7	3.7	3.7	3.7	3.7
4.0	4.0	4.0	4.0	4.0
1.4	1.4	1.4	1.4	1.4
0.9	0.9	0.9	0.9	0.9
2.9	2.9	2.9	2.9	2.9
0.5	0.5	0.5	0.5	0.5
2.1	2.1	2.1	2.1	2.1
3.0	3.0	3.0	3.0	3.0
7.5	7.5	7.5	7.5	7.5
6.5	6.5	6.5	6.5	6.5
5.6	5.6	5.6	5.6	5.6
7.5	7.5	7.5	7.5	7.5
4.8	4.8	4.8	4.8	4.8
1.2	1.2	1.2	1.2	1.2
6.0	6.0	6.0	6.0	6.0
4.2	4.2	4.2	4.2	4.2
4.6	4.6	4.6	4.6	4.6
3.8	3.8	3.8	3.8	3.8
3.7	3.7	3.7	3.7	3.7
5.3	5.3	5.3	5.3	5.3
1.3	1.3	1.3	1.3	1.3
3.5	3.5	3.5	3.5	3.5
3.6	3.6	3.6	3.6	3.6
3.4	3.4	3.4	3.4	3.4
3.7	3.7	3.7	3.7	3.7
2.6	2.6	2.6	2.6	2.6
4.9	4.9	4.9	4.9	4.9
2.8	2.8	2.8	2.8	2.8
1.9	1.9	1.9	1.9	1.9
3.1	3.1	3.1	3.1	3.1
1.3	1.3	1.3	1.3	1.3
6.4	6.4	6.4	6.4	6.4
4.4	4.4	4.4	4.4	4.4
0.3	0.3	0.3	0.3	0.3
0.7	0.7	0.7	0.7	0.7
2.0	2.0	2.0	2.0	2.0
1.0	1.0	1.0	1.0	1.0
2.0	2.0	2.0	2.0	2.0
4.3	4.3	4.3	4.3	4.3
4.4	4.4	4.4	4.4	4.4
0.9	0.9	0.9	0.9	0.9
4.5	4.5	4.5	4.5	4.5
3.7	3.7	3.7	3.7	3.7
1.3	1.3	1.3	1.3	1.3
4.9	4.9	4.9	4.9	4.9
1.1	1.1	1.1	1.1	1.1
2.5	2.5	2.5	2.5	2.5
3.5	3.5	3.5	3.5	3.5
0.6	0.6	0.6	0.6	0.6
0.6	0.6	0.6	0.6	0.6
3.5	3.5	3.5	3.5	3.5
2.4	2.4	2.4	2.4	2.4
3.4	3.4	3.4	3.4	3.4
5.9	5.9	5.9	5.9	5.9
3.4	3.4	3.4	3.4	3.4
1.7	1.7	1.7	1.7	1.7
2.8	2.8	2.8	2.8	2.8
0.8	0.8	0.8	0.8	0.8
1.3	1.3	1.3	1.3	1.3
3.6	3.6	3.6	3.6	3.6
4.6	4.6	4.6	4.6	4.6
1.8	1.8	1.8	1.8	1.8
0.6	0.6	0.6	0.6	0.6
1.8	1.8	1.8	1.8	1.8
5.3	5.3	5.3	5.3	5.3
3.2	3.2	3.2	3.2	3.2
1.5	1.5	1.5	1.5	1.5
2.3	2.3	2.3	2.3	2.3
1.3	1.3	1.3	1.3	1.3
0.7	0.7	0.7	0.7	0.7
2.0	2.0	2.0	2.0	2.0
5.3	5.3	5.3	5.3	5.3
0.8	0.8	0.8	0.8	0.8
4.6	4.6	4.6	4.6	4.6
2.9	2.9	2.9	2.9	2.9
4.2	4.2	4.2	4.2	4.2
4.2	4.2	4.2	4.2	4.2
2.7	2.7	2.7	2.7	2.7
2.6	2.6	2.6	2.6	2.6
1.1	1.1	1.1	1.1	1.1
4.3	4.3	4.3	4.3	4.3
2.7	2.7	2.7	2.7	2.7
4.0	4.0	4.0	4.0	4.0
1.0	1.0	1.0	1.0	1.0
1.5	1.5	1.5	1.5	1.5
2.5	2.5	2.5	2.5	2.5
3.9	3.9	3.9	3.9	3.9
0.9	0.9	0.9	0.9	0.9
1.1	1.1	1.1	1.1	1.1
2.6	2.6	2.6	2.6	2.6
2.5	2.5	2.5	2.5	2.5
3.7	3.7	3.7	3.7	3.7
4.1	4.1	4.1	4.1	4.1
0.7	0.7	0.7	0.7	0.7
0.8	0.8	0.8	0.8	0.8
2.5	2.5	2.5	2.5	2.5
3.8	3.8	3.8	3.8	3.8
]
