N_MACHINES:5	N_JOBS:200	CHARGING_TIME:60	INITIAL_CHARGE:10
D:[
14	14	14	14	14
2	2	2	2	2
20	20	20	20	20
36	36	36	36	36
16	16	16	16	16
15	15	15	15	15
46	46	46	46	46
3	3	3	3	3
25	25	25	25	25
35	35	35	35	35
43	43	43	43	43
36	36	36	36	36
36	36	36	36	36
7	7	7	7	7
46	46	46	46	46
12	12	12	12	12
32	32	32	32	32
0	0	0	0	0
26	26	26	26	26
1	1	1	1	1
48	48	48	48	48
14	14	14	14	14
6	6	6	6	6
18	18	18	18	18
6	6	6	6	6
3	3	3	3	3
45	45	45	45	45
9	9	9	9	9
1	1	1	1	1
46	46	46	46	46
49	49	49	49	49
20	20	20	20	20
5	5	5	5	5
27	27	27	27	27
3	3	3	3	3
19	19	19	19	19
1	1	1	1	1
36	36	36	36	36
29	29	29	29	29
13	13	13	13	13
35	35	35	35	35
10	10	10	10	10
10	10	10	10	10
46	46	46	46	46
32	32	32	32	32
1	1	1	1	1
17	17	17	17	17
0	0	0	0	0
26	26	26	26	26
24	24	24	24	24
0	0	0	0	0
20	20	20	20	20
16	16	16	16	16
3	3	3	3	3
49	49	49	49	49
27	27	27	27	27
21	21	21	21	21
5	5	5	5	5
25	25	25	25	25
16	16	16	16	16
7	7	7	7	7
39	39	39	39	39
9	9	9	9	9
44	44	44	44	44
23	23	23	23	23
16	16	16	16	16
15	15	15	15	15
37	37	37	37	37
10	10	10	10	10
33	33	33	33	33
11	11	11	11	11
5	5	5	5	5
14	14	14	14	14
25	25	25	25	25
18	18	18	18	18
33	33	33	33	33
15	15	15	15	15
15	15	15	15	15
39	39	39	39	39
25	25	25	25	25
61	61	61	61	61
5	5	5	5	5
17	17	17	17	17
9	9	9	9	9
48	48	48	48	48
60	60	60	60	60
41	41	41	41	41
30	30	30	30	30
20	20	20	20	20
3	3	3	3	3
33	33	33	33	33
29	29	29	29	29
33	33	33	33	33
22	22	22	22	22
10	10	10	10	10
6	6	6	6	6
33	33	33	33	33
22	22	22	22	22
11	11	11	11	11
12	12	12	12	12
27	27	27	27	27
63	63	63	63	63
32	32	32	32	32
27	27	27	27	27
24	24	24	24	24
16	16	16	16	16
12	12	12	12	12
8	8	8	8	8
10	10	10	10	10
24	24	24	24	24
6	6	6	6	6
2	2	2	2	2
31	31	31	31	31
27	27	27	27	27
37	37	37	37	37
13	13	13	13	13
47	47	47	47	47
17	17	17	17	17
35	35	35	35	35
2	2	2	2	2
19	19	19	19	19
24	24	24	24	24
15	15	15	15	15
16	16	16	16	16
37	37	37	37	37
20	20	20	20	20
30	30	30	30	30
25	25	25	25	25
29	29	29	29	29
30	30	30	30	30
9	9	9	9	9
18	18	18	18	18
0	0	0	0	0
2	2	2	2	2
20	20	20	20	20
6	6	6	6	6
27	27	27	27	27
64	64	64	64	64
14	14	14	14	14
12	12	12	12	12
28	28	28	28	28
11	11	11	11	11
42	42	42	42	42
60	60	60	60	60
16	16	16	16	16
57	57	57	57	57
16	16	16	16	16
65	65	65	65	65
5	5	5	5	5
12	12	12	12	12
29	29	29	29	29
35	35	35	35	35
26	26	26	26	26
9	9	9	9	9
19	19	19	19	19
10	10	10	10	10
16	16	16	16	16
22	22	22	22	22
23	23	23	23	23
16	16	16	16	16
49	49	49	49	49
34	34	34	34	34
31	31	31	31	31
17	17	17	17	17
33	33	33	33	33
13	13	13	13	13
35	35	35	35	35
28	28	28	28	28
29	29	29	29	29
14	14	14	14	14
39	39	39	39	39
43	43	43	43	43
15	15	15	15	15
19	19	19	19	19
2	2	2	2	2
3	3	3	3	3
3	3	3	3	3
42	42	42	42	42
20	20	20	20	20
17	17	17	17	17
40	40	40	40	40
7	7	7	7	7
29	29	29	29	29
21	21	21	21	21
41	41	41	41	41
44	44	44	44	44
1	1	1	1	1
4	4	4	4	4
38	38	38	38	38
30	30	30	30	30
36	36	36	36	36
17	17	17	17	17
38	38	38	38	38
8	8	8	8	8
21	21	21	21	21
19	19	19	19	19
27	27	27	27	27
70	70	70	70	70
37	37	37	37	37
46	46	46	46	46
]
w:[
8.6	8.6	8.6	8.6	8.6
2.2	2.2	2.2	2.2	2.2
1.7	1.7	1.7	1.7	1.7
8.5	8.5	8.5	8.5	8.5
0.4	0.4	0.4	0.4	0.4
7.7	7.7	7.7	7.7	7.7
8.3	8.3	8.3	8.3	8.3
8.2	8.2	8.2	8.2	8.2
6.3	6.3	6.3	6.3	6.3
1.4	1.4	1.4	1.4	1.4
4.6	4.6	4.6	4.6	4.6
4.6	4.6	4.6	4.6	4.6
1.3	1.3	1.3	1.3	1.3
3.7	3.7	3.7	3.7	3.7
2.4	2.4	2.4	2.4	2.4
0.9	0.9	0.9	0.9	0.9
3.2	3.2	3.2	3.2	3.2
6.0	6.0	6.0	6.0	6.0
3.1	3.1	3.1	3.1	3.1
5.3	5.3	5.3	5.3	5.3
3.0	3.0	3.0	3.0	3.0
8.1	8.1	8.1	8.1	8.1
6.8	6.8	6.8	6.8	6.8
7.7	7.7	7.7	7.7	7.7
8.3	8.3	8.3	8.3	8.3
4.5	4.5	4.5	4.5	4.5
5.1	5.1	5.1	5.1	5.1
7.8	7.8	7.8	7.8	7.8
6.7	6.7	6.7	6.7	6.7
1.5	1.5	1.5	1.5	1.5
2.1	2.1	2.1	2.1	2.1
3.6	3.6	3.6	3.6	3.6
1.1	1.1	1.1	1.1	1.1
3.3	3.3	3.3	3.3	3.3
8.8	8.8	8.8	8.8	8.8
1.5	1.5	1.5	1.5	1.5
8.6	8.6	8.6	8.6	8.6
4.8	4.8	4.8	4.8	4.8
7.1	7.1	7.1	7.1	7.1
0.8	0.8	0.8	0.8	0.8
4.4	4.4	4.4	4.4	4.4
3.2	3.2	3.2	3.2	3.2
1.7	1.7	1.7	1.7	1.7
6.3	6.3	6.3	6.3	6.3
6.4	6.4	6.4	6.4	6.4
7.5	7.5	7.5	7.5	7.5
8.2	8.2	8.2	8.2	8.2
5.1	5.1	5.1	5.1	5.1
6.5	6.5	6.5	6.5	6.5
5.9	5.9	5.9	5.9	5.9
0.1	0.1	0.1	0.1	0.1
5.9	5.9	5.9	5.9	5.9
5.7	5.7	5.7	5.7	5.7
0.5	0.5	0.5	0.5	0.5
3.8	3.8	3.8	3.8	3.8
7.4	7.4	7.4	7.4	7.4
2.6	2.6	2.6	2.6	2.6
0.1	0.1	0.1	0.1	0.1
5.8	5.8	5.8	5.8	5.8
3.3	3.3	3.3	3.3	3.3
5.2	5.2	5.2	5.2	5.2
4.9	4.9	4.9	4.9	4.9
6.7	6.7	6.7	6.7	6.7
2.4	2.4	2.4	2.4	2.4
2.4	2.4	2.4	2.4	2.4
9.8	9.8	9.8	9.8	9.8
4.5	4.5	4.5	4.5	4.5
4.8	4.8	4.8	4.8	4.8
1.5	1.5	1.5	1.5	1.5
3.8	3.8	3.8	3.8	3.8
2.2	2.2	2.2	2.2	2.2
0.5	0.5	0.5	0.5	0.5
2.6	2.6	2.6	2.6	2.6
7.9	7.9	7.9	7.9	7.9
6.2	6.2	6.2	6.2	6.2
0.3	0.3	0.3	0.3	0.3
9.7	9.7	9.7	9.7	9.7
7.7	7.7	7.7	7.7	7.7
6.9	6.9	6.9	6.9	6.9
1.2	1.2	1.2	1.2	1.2
5.6	5.6	5.6	5.6	5.6
6.2	6.2	6.2	6.2	6.2
3.7	3.7	3.7	3.7	3.7
5.3	5.3	5.3	5.3	5.3
4.9	4.9	4.9	4.9	4.9
0.7	0.7	0.7	0.7	0.7
0.9	0.9	0.9	0.9	0.9
7.4	7.4	7.4	7.4	7.4
3.9	3.9	3.9	3.9	3.9
2.0	2.0	2.0	2.0	2.0
5.7	5.7	5.7	5.7	5.7
2.0	2.0	2.0	2.0	2.0
4.7	4.7	4.7	4.7	4.7
2.6	2.6	2.6	2.6	2.6
5.4	5.4	5.4	5.4	5.4
3.5	3.5	3.5	3.5	3.5
2.5	2.5	2.5	2.5	2.5
8.0	8.0	8.0	8.0	8.0
5.6	5.6	5.6	5.6	5.6
0.7	0.7	0.7	0.7	0.7
2.9	2.9	2.9	2.9	2.9
5.6	5.6	5.6	5.6	5.6
8.9	8.9	8.9	8.9	8.9
3.3	3.3	3.3	3.3	3.3
1.0	1.0	1.0	1.0	1.0
2.7	2.7	2.7	2.7	2.7
2.6	2.6	2.6	2.6	2.6
7.7	7.7	7.7	7.7	7.7
1.9	1.9	1.9	1.9	1.9
7.5	7.5	7.5	7.5	7.5
0.5	0.5	0.5	0.5	0.5
3.0	3.0	3.0	3.0	3.0
7.1	7.1	7.1	7.1	7.1
4.3	4.3	4.3	4.3	4.3
6.4	6.4	6.4	6.4	6.4
3.2	3.2	3.2	3.2	3.2
6.5	6.5	6.5	6.5	6.5
4.5	4.5	4.5	4.5	4.5
9.0	9.0	9.0	9.0	9.0
5.0	5.0	5.0	5.0	5.0
1.5	1.5	1.5	1.5	1.5
5.2	5.2	5.2	5.2	5.2
6.2	6.2	6.2	6.2	6.2
0.8	0.8	0.8	0.8	0.8
1.8	1.8	1.8	1.8	1.8
1.2	1.2	1.2	1.2	1.2
4.1	4.1	4.1	4.1	4.1
5.0	5.0	5.0	5.0	5.0
5.7	5.7	5.7	5.7	5.7
4.5	4.5	4.5	4.5	4.5
4.2	4.2	4.2	4.2	4.2
1.7	1.7	1.7	1.7	1.7
3.5	3.5	3.5	3.5	3.5
3.5	3.5	3.5	3.5	3.5
4.8	4.8	4.8	4.8	4.8
0.8	0.8	0.8	0.8	0.8
3.0	3.0	3.0	3.0	3.0
3.5	3.5	3.5	3.5	3.5
6.0	6.0	6.0	6.0	6.0
6.1	6.1	6.1	6.1	6.1
0.9	0.9	0.9	0.9	0.9
0.7	0.7	0.7	0.7	0.7
2.9	2.9	2.9	2.9	2.9
4.1	4.1	4.1	4.1	4.1
2.7	2.7	2.7	2.7	2.7
8.5	8.5	8.5	8.5	8.5
6.3	6.3	6.3	6.3	6.3
5.6	5.6	5.6	5.6	5.6
5.6	5.6	5.6	5.6	5.6
3.9	3.9	3.9	3.9	3.9
7.1	7.1	7.1	7.1	7.1
9.5	9.5	9.5	9.5	9.5
5.0	5.0	5.0	5.0	5.0
1.8	1.8	1.8	1.8	1.8
3.9	3.9	3.9	3.9	3.9
1.9	1.9	1.9	1.9	1.9
2.6	2.6	2.6	2.6	2.6
3.4	3.4	3.4	3.4	3.4
5.3	5.3	5.3	5.3	5.3
9.9	9.9	9.9	9.9	9.9
5.6	5.6	5.6	5.6	5.6
6.9	6.9	6.9	6.9	6.9
6.0	6.0	6.0	6.0	6.0
5.7	5.7	5.7	5.7	5.7
1.2	1.2	1.2	1.2	1.2
5.8	5.8	5.8	5.8	5.8
6.0	6.0	6.0	6.0	6.0
5.5	5.5	5.5	5.5	5.5
2.6	2.6	2.6	2.6	2.6
5.5	5.5	5.5	5.5	5.5
6.0	6.0	6.0	6.0	6.0
2.0	2.0	2.0	2.0	2.0
3.5	3.5	3.5	3.5	3.5
9.9	9.9	9.9	9.9	9.9
6.0	6.0	6.0	6.0	6.0
0.2	0.2	0.2	0.2	0.2
4.7	4.7	4.7	4.7	4.7
5.3	5.3	5.3	5.3	5.3
0.4	0.4	0.4	0.4	0.4
3.7	3.7	3.7	3.7	3.7
7.4	7.4	7.4	7.4	7.4
4.9	4.9	4.9	4.9	4.9
5.5	5.5	5.5	5.5	5.5
8.9	8.9	8.9	8.9	8.9
0.3	0.3	0.3	0.3	0.3
3.9	3.9	3.9	3.9	3.9
2.4	2.4	2.4	2.4	2.4
5.7	5.7	5.7	5.7	5.7
4.7	4.7	4.7	4.7	4.7
7.5	7.5	7.5	7.5	7.5
9.1	9.1	9.1	9.1	9.1
4.9	4.9	4.9	4.9	4.9
3.6	3.6	3.6	3.6	3.6
3.8	3.8	3.8	3.8	3.8
5.1	5.1	5.1	5.1	5.1
4.9	4.9	4.9	4.9	4.9
9.0	9.0	9.0	9.0	9.0
1.6	1.6	1.6	1.6	1.6
3.8	3.8	3.8	3.8	3.8
5.3	5.3	5.3	5.3	5.3
]
