N_MACHINES:10	N_JOBS:200	CHARGING_TIME:60	INITIAL_CHARGE:10
D:[
10	10	10	10	10	10	10	10	10	10
46	46	46	46	46	46	46	46	46	46
5	5	5	5	5	5	5	5	5	5
12	12	12	12	12	12	12	12	12	12
36	36	36	36	36	36	36	36	36	36
29	29	29	29	29	29	29	29	29	29
22	22	22	22	22	22	22	22	22	22
40	40	40	40	40	40	40	40	40	40
11	11	11	11	11	11	11	11	11	11
55	55	55	55	55	55	55	55	55	55
6	6	6	6	6	6	6	6	6	6
36	36	36	36	36	36	36	36	36	36
21	21	21	21	21	21	21	21	21	21
32	32	32	32	32	32	32	32	32	32
16	16	16	16	16	16	16	16	16	16
42	42	42	42	42	42	42	42	42	42
36	36	36	36	36	36	36	36	36	36
9	9	9	9	9	9	9	9	9	9
46	46	46	46	46	46	46	46	46	46
33	33	33	33	33	33	33	33	33	33
37	37	37	37	37	37	37	37	37	37
7	7	7	7	7	7	7	7	7	7
55	55	55	55	55	55	55	55	55	55
27	27	27	27	27	27	27	27	27	27
17	17	17	17	17	17	17	17	17	17
33	33	33	33	33	33	33	33	33	33
2	2	2	2	2	2	2	2	2	2
15	15	15	15	15	15	15	15	15	15
12	12	12	12	12	12	12	12	12	12
33	33	33	33	33	33	33	33	33	33
36	36	36	36	36	36	36	36	36	36
11	11	11	11	11	11	11	11	11	11
24	24	24	24	24	24	24	24	24	24
18	18	18	18	18	18	18	18	18	18
37	37	37	37	37	37	37	37	37	37
19	19	19	19	19	19	19	19	19	19
5	5	5	5	5	5	5	5	5	5
14	14	14	14	14	14	14	14	14	14
41	41	41	41	41	41	41	41	41	41
38	38	38	38	38	38	38	38	38	38
69	69	69	69	69	69	69	69	69	69
57	57	57	57	57	57	57	57	57	57
10	10	10	10	10	10	10	10	10	10
41	41	41	41	41	41	41	41	41	41
22	22	22	22	22	22	22	22	22	22
49	49	49	49	49	49	49	49	49	49
28	28	28	28	28	28	28	28	28	28
16	16	16	16	16	16	16	16	16	16
6	6	6	6	6	6	6	6	6	6
34	34	34	34	34	34	34	34	34	34
21	21	21	21	21	21	21	21	21	21
26	26	26	26	26	26	26	26	26	26
7	7	7	7	7	7	7	7	7	7
7	7	7	7	7	7	7	7	7	7
41	41	41	41	41	41	41	41	41	41
14	14	14	14	14	14	14	14	14	14
15	15	15	15	15	15	15	15	15	15
25	25	25	25	25	25	25	25	25	25
48	48	48	48	48	48	48	48	48	48
24	24	24	24	24	24	24	24	24	24
20	20	20	20	20	20	20	20	20	20
10	10	10	10	10	10	10	10	10	10
32	32	32	32	32	32	32	32	32	32
7	7	7	7	7	7	7	7	7	7
37	37	37	37	37	37	37	37	37	37
61	61	61	61	61	61	61	61	61	61
21	21	21	21	21	21	21	21	21	21
21	21	21	21	21	21	21	21	21	21
27	27	27	27	27	27	27	27	27	27
37	37	37	37	37	37	37	37	37	37
32	32	32	32	32	32	32	32	32	32
37	37	37	37	37	37	37	37	37	37
3	3	3	3	3	3	3	3	3	3
42	42	42	42	42	42	42	42	42	42
28	28	28	28	28	28	28	28	28	28
34	34	34	34	34	34	34	34	34	34
20	20	20	20	20	20	20	20	20	20
13	13	13	13	13	13	13	13	13	13
18	18	18	18	18	18	18	18	18	18
8	8	8	8	8	8	8	8	8	8
23	23	23	23	23	23	23	23	23	23
28	28	28	28	28	28	28	28	28	28
43	43	43	43	43	43	43	43	43	43
19	19	19	19	19	19	19	19	19	19
57	57	57	57	57	57	57	57	57	57
0	0	0	0	0	0	0	0	0	0
27	27	27	27	27	27	27	27	27	27
33	33	33	33	33	33	33	33	33	33
37	37	37	37	37	37	37	37	37	37
9	9	9	9	9	9	9	9	9	9
40	40	40	40	40	40	40	40	40	40
35	35	35	35	35	35	35	35	35	35
34	34	34	34	34	34	34	34	34	34
29	29	29	29	29	29	29	29	29	29
23	23	23	23	23	23	23	23	23	23
34	34	34	34	34	34	34	34	34	34
38	38	38	38	38	38	38	38	38	38
0	0	0	0	0	0	0	0	0	0
1	1	1	1	1	1	1	1	1	1
10	10	10	10	10	10	10	10	10	10
40	40	40	40	40	40	40	40	40	40
19	19	19	19	19	19	19	19	19	19
38	38	38	38	38	38	38	38	38	38
26	26	26	26	26	26	26	26	26	26
3	3	3	3	3	3	3	3	3	3
10	10	10	10	10	10	10	10	10	10
15	15	15	15	15	15	15	15	15	15
50	50	50	50	50	50	50	50	50	50
17	17	17	17	17	17	17	17	17	17
11	11	11	11	11	11	11	11	11	11
31	31	31	31	31	31	31	31	31	31
55	55	55	55	55	55	55	55	55	55
4	4	4	4	4	4	4	4	4	4
24	24	24	24	24	24	24	24	24	24
54	54	54	54	54	54	54	54	54	54
12	12	12	12	12	12	12	12	12	12
56	56	56	56	56	56	56	56	56	56
24	24	24	24	24	24	24	24	24	24
9	9	9	9	9	9	9	9	9	9
0	0	0	0	0	0	0	0	0	0
31	31	31	31	31	31	31	31	31	31
46	46	46	46	46	46	46	46	46	46
25	25	25	25	25	25	25	25	25	25
24	24	24	24	24	24	24	24	24	24
30	30	30	30	30	30	30	30	30	30
22	22	22	22	22	22	22	22	22	22
13	13	13	13	13	13	13	13	13	13
13	13	13	13	13	13	13	13	13	13
17	17	17	17	17	17	17	17	17	17
23	23	23	23	23	23	23	23	23	23
20	20	20	20	20	20	20	20	20	20
16	16	16	16	16	16	16	16	16	16
61	61	61	61	61	61	61	61	61	61
32	32	32	32	32	32	32	32	32	32
43	43	43	43	43	43	43	43	43	43
42	42	42	42	42	42	42	42	42	42
32	32	32	32	32	32	32	32	32	32
74	74	74	74	74	74	74	74	74	74
27	27	27	27	27	27	27	27	27	27
38	38	38	38	38	38	38	38	38	38
8	8	8	8	8	8	8	8	8	8
35	35	35	35	35	35	35	35	35	35
46	46	46	46	46	46	46	46	46	46
7	7	7	7	7	7	7	7	7	7
20	20	20	20	20	20	20	20	20	20
31	31	31	31	31	31	31	31	31	31
0	0	0	0	0	0	0	0	0	0
39	39	39	39	39	39	39	39	39	39
32	32	32	32	32	32	32	32	32	32
21	21	21	21	21	21	21	21	21	21
34	34	34	34	34	34	34	34	34	34
50	50	50	50	50	50	50	50	50	50
5	5	5	5	5	5	5	5	5	5
15	15	15	15	15	15	15	15	15	15
22	22	22	22	22	22	22	22	22	22
47	47	47	47	47	47	47	47	47	47
47	47	47	47	47	47	47	47	47	47
34	34	34	34	34	34	34	34	34	34
11	11	11	11	11	11	11	11	11	11
23	23	23	23	23	23	23	23	23	23
4	4	4	4	4	4	4	4	4	4
18	18	18	18	18	18	18	18	18	18
39	39	39	39	39	39	39	39	39	39
39	39	39	39	39	39	39	39	39	39
23	23	23	23	23	23	23	23	23	23
55	55	55	55	55	55	55	55	55	55
22	22	22	22	22	22	22	22	22	22
31	31	31	31	31	31	31	31	31	31
14	14	14	14	14	14	14	14	14	14
51	51	51	51	51	51	51	51	51	51
5	5	5	5	5	5	5	5	5	5
15	15	15	15	15	15	15	15	15	15
15	15	15	15	15	15	15	15	15	15
2	2	2	2	2	2	2	2	2	2
14	14	14	14	14	14	14	14	14	14
34	34	34	34	34	34	34	34	34	34
34	34	34	34	34	34	34	34	34	34
47	47	47	47	47	47	47	47	47	47
24	24	24	24	24	24	24	24	24	24
21	21	21	21	21	21	21	21	21	21
3	3	3	3	3	3	3	3	3	3
49	49	49	49	49	49	49	49	49	49
7	7	7	7	7	7	7	7	7	7
16	16	16	16	16	16	16	16	16	16
6	6	6	6	6	6	6	6	6	6
26	26	26	26	26	26	26	26	26	26
17	17	17	17	17	17	17	17	17	17
6	6	6	6	6	6	6	6	6	6
19	19	19	19	19	19	19	19	19	19
12	12	12	12	12	12	12	12	12	12
1	1	1	1	1	1	1	1	1	1
47	47	47	47	47	47	47	47	47	47
35	35	35	35	35	35	35	35	35	35
41	41	41	41	41	41	41	41	41	41
13	13	13	13	13	13	13	13	13	13
40	40	40	40	40	40	40	40	40	40
26	26	26	26	26	26	26	26	26	26
28	28	28	28	28	28	28	28	28	28
12	12	12	12	12	12	12	12	12	12
50	50	50	50	50	50	50	50	50	50
]
w:[
0.9	0.9	0.9	0.9	0.9	0.9	0.9	0.9	0.9	0.9
6.1	6.1	6.1	6.1	6.1	6.1	6.1	6.1	6.1	6.1
4.5	4.5	4.5	4.5	4.5	4.5	4.5	4.5	4.5	4.5
8.2	8.2	8.2	8.2	8.2	8.2	8.2	8.2	8.2	8.2
2.6	2.6	2.6	2.6	2.6	2.6	2.6	2.6	2.6	2.6
5.9	5.9	5.9	5.9	5.9	5.9	5.9	5.9	5.9	5.9
0.7	0.7	0.7	0.7	0.7	0.7	0.7	0.7	0.7	0.7
3.8	3.8	3.8	3.8	3.8	3.8	3.8	3.8	3.8	3.8
8.7	8.7	8.7	8.7	8.7	8.7	8.7	8.7	8.7	8.7
2.1	2.1	2.1	2.1	2.1	2.1	2.1	2.1	2.1	2.1
1.1	1.1	1.1	1.1	1.1	1.1	1.1	1.1	1.1	1.1
3.1	3.1	3.1	3.1	3.1	3.1	3.1	3.1	3.1	3.1
3.8	3.8	3.8	3.8	3.8	3.8	3.8	3.8	3.8	3.8
4.8	4.8	4.8	4.8	4.8	4.8	4.8	4.8	4.8	4.8
8.3	8.3	8.3	8.3	8.3	8.3	8.3	8.3	8.3	8.3
2.9	2.9	2.9	2.9	2.9	2.9	2.9	2.9	2.9	2.9
3.0	3.0	3.0	3.0	3.0	3.0	3.0	3.0	3.0	3.0
4.3	4.3	4.3	4.3	4.3	4.3	4.3	4.3	4.3	4.3
4.8	4.8	4.8	4.8	4.8	4.8	4.8	4.8	4.8	4.8
4.7	4.7	4.7	4.7	4.7	4.7	4.7	4.7	4.7	4.7
1.5	1.5	1.5	1.5	1.5	1.5	1.5	1.5	1.5	1.5
7.7	7.7	7.7	7.7	7.7	7.7	7.7	7.7	7.7	7.7
3.7	3.7	3.7	3.7	3.7	3.7	3.7	3.7	3.7	3.7
3.8	3.8	3.8	3.8	3.8	3.8	3.8	3.8	3.8	3.8
2.8	2.8	2.8	2.8	2.8	2.8	2.8	2.8	2.8	2.8
3.1	3.1	3.1	3.1	3.1	3.1	3.1	3.1	3.1	3.1
0.1	0.1	0.1	0.1	0.1	0.1	0.1	0.1	0.1	0.1
4.5	4.5	4.5	4.5	4.5	4.5	4.5	4.5	4.5	4.5
1.1	1.1	1.1	1.1	1.1	1.1	1.1	1.1	1.1	1.1
3.7	3.7	3.7	3.7	3.7	3.7	3.7	3.7	3.7	3.7
2.3	2.3	2.3	2.3	2.3	2.3	2.3	2.3	2.3	2.3
4.4	4.4	4.4	4.4	4.4	4.4	4.4	4.4	4.4	4.4
3.3	3.3	3.3	3.3	3.3	3.3	3.3	3.3	3.3	3.3
2.2	2.2	2.2	2.2	2.2	2.2	2.2	2.2	2.2	2.2
0.7	0.7	0.7	0.7	0.7	0.7	0.7	0.7	0.7	0.7
4.8	4.8	4.8	4.8	4.8	4.8	4.8	4.8	4.8	4.8
4.8	4.8	4.8	4.8	4.8	4.8	4.8	4.8	4.8	4.8
5.6	5.6	5.6	5.6	5.6	5.6	5.6	5.6	5.6	5.6
3.9	3.9	3.9	3.9	3.9	3.9	3.9	3.9	3.9	3.9
4.6	4.6	4.6	4.6	4.6	4.6	4.6	4.6	4.6	4.6
3.2	3.2	3.2	3.2	3.2	3.2	3.2	3.2	3.2	3.2
6.7	6.7	6.7	6.7	6.7	6.7	6.7	6.7	6.7	6.7
4.4	4.4	4.4	4.4	4.4	4.4	4.4	4.4	4.4	4.4
4.5	4.5	4.5	4.5	4.5	4.5	4.5	4.5	4.5	4.5
7.9	7.9	7.9	7.9	7.9	7.9	7.9	7.9	7.9	7.9
0.3	0.3	0.3	0.3	0.3	0.3	0.3	0.3	0.3	0.3
7.8	7.8	7.8	7.8	7.8	7.8	7.8	7.8	7.8	7.8
6.0	6.0	6.0	6.0	6.0	6.0	6.0	6.0	6.0	6.0
6.1	6.1	6.1	6.1	6.1	6.1	6.1	6.1	6.1	6.1
1.1	1.1	1.1	1.1	1.1	1.1	1.1	1.1	1.1	1.1
4.8	4.8	4.8	4.8	4.8	4.8	4.8	4.8	4.8	4.8
3.2	3.2	3.2	3.2	3.2	3.2	3.2	3.2	3.2	3.2
1.3	1.3	1.3	1.3	1.3	1.3	1.3	1.3	1.3	1.3
3.1	3.1	3.1	3.1	3.1	3.1	3.1	3.1	3.1	3.1
4.3	4.3	4.3	4.3	4.3	4.3	4.3	4.3	4.3	4.3
1.3	1.3	1.3	1.3	1.3	1.3	1.3	1.3	1.3	1.3
5.7	5.7	5.7	5.7	5.7	5.7	5.7	5.7	5.7	5.7
3.0	3.0	3.0	3.0	3.0	3.0	3.0	3.0	3.0	3.0
4.1	4.1	4.1	4.1	4.1	4.1	4.1	4.1	4.1	4.1
2.6	2.6	2.6	2.6	2.6	2.6	2.6	2.6	2.6	2.6
1.9	1.9	1.9	1.9	1.9	1.9	1.9	1.9	1.9	1.9
8.8	8.8	8.8	8.8	8.8	8.8	8.8	8.8	8.8	8.8
7.2	7.2	7.2	7.2	7.2	7.2	7.2	7.2	7.2	7.2
6.7	6.7	6.7	6.7	6.7	6.7	6.7	6.7	6.7	6.7
5.8	5.8	5.8	5.8	5.8	5.8	5.8	5.8	5.8	5.8
8.4	8.4	8.4	8.4	8.4	8.4	8.4	8.4	8.4	8.4
1.5	1.5	1.5	1.5	1.5	1.5	1.5	1.5	1.5	1.5
9.0	9.0	9.0	9.0	9.0	9.0	9.0	9.0	9.0	9.0
1.6	1.6	1.6	1.6	1.6	1.6	1.6	1.6	1.6	1.6
1.5	1.5	1.5	1.5	1.5	1.5	1.5	1.5	1.5	1.5
1.5	1.5	1.5	1.5	1.5	1.5	1.5	1.5	1.5	1.5
0.3	0.3	0.3	0.3	0.3	0.3	0.3	0.3	0.3	0.3
9.7	9.7	9.7	9.7	9.7	9.7	9.7	9.7	9.7	9.7
2.2	2.2	2.2	2.2	2.2	2.2	2.2	2.2	2.2	2.2
8.9	8.9	8.9	8.9	8.9	8.9	8.9	8.9	8.9	8.9
1.3	1.3	1.3	1.3	1.3	1.3	1.3	1.3	1.3	1.3
5.1	5.1	5.1	5.1	5.1	5.1	5.1	5.1	5.1	5.1
2.5	2.5	2.5	2.5	2.5	2.5	2.5	2.5	2.5	2.5
3.8	3.8	3.8	3.8	3.8	3.8	3.8	3.8	3.8	3.8
4.6	4.6	4.6	4.6	4.6	4.6	4.6	4.6	4.6	4.6
9.8	9.8	9.8	9.8	9.8	9.8	9.8	9.8	9.8	9.8
7.3	7.3	7.3	7.3	7.3	7.3	7.3	7.3	7.3	7.3
2.7	2.7	2.7	2.7	2.7	2.7	2.7	2.7	2.7	2.7
5.6	5.6	5.6	5.6	5.6	5.6	5.6	5.6	5.6	5.6
7.8	7.8	7.8	7.8	7.8	7.8	7.8	7.8	7.8	7.8
5.1	5.1	5.1	5.1	5.1	5.1	5.1	5.1	5.1	5.1
4.1	4.1	4.1	4.1	4.1	4.1	4.1	4.1	4.1	4.1
5.2	5.2	5.2	5.2	5.2	5.2	5.2	5.2	5.2	5.2
4.1	4.1	4.1	4.1	4.1	4.1	4.1	4.1	4.1	4.1
6.3	6.3	6.3	6.3	6.3	6.3	6.3	6.3	6.3	6.3
7.2	7.2	7.2	7.2	7.2	7.2	7.2	7.2	7.2	7.2
4.1	4.1	4.1	4.1	4.1	4.1	4.1	4.1	4.1	4.1
6.0	6.0	6.0	6.0	6.0	6.0	6.0	6.0	6.0	6.0
5.5	5.5	5.5	5.5	5.5	5.5	5.5	5.5	5.5	5.5
0.5	0.5	0.5	0.5	0.5	0.5	0.5	0.5	0.5	0.5
5.4	5.4	5.4	5.4	5.4	5.4	5.4	5.4	5.4	5.4
3.4	3.4	3.4	3.4	3.4	3.4	3.4	3.4	3.4	3.4
4.2	4.2	4.2	4.2	4.2	4.2	4.2	4.2	4.2	4.2
0.8	0.8	0.8	0.8	0.8	0.8	0.8	0.8	0.8	0.8
3.7	3.7	3.7	3.7	3.7	3.7	3.7	3.7	3.7	3.7
5.1	5.1	5.1	5.1	5.1	5.1	5.1	5.1	5.1	5.1
3.9	3.9	3.9	3.9	3.9	3.9	3.9	3.9	3.9	3.9
7.8	7.8	7.8	7.8	7.8	7.8	7.8	7.8	7.8	7.8
1.4	1.4	1.4	1.4	1.4	1.4	1.4	1.4	1.4	1.4
7.3	7.3	7.3	7.3	7.3	7.3	7.3	7.3	7.3	7.3
5.6	5.6	5.6	5.6	5.6	5.6	5.6	5.6	5.6	5.6
5.5	5.5	5.5	5.5	5.5	5.5	5.5	5.5	5.5	5.5
5.2	5.2	5.2	5.2	5.2	5.2	5.2	5.2	5.2	5.2
8.7	8.7	8.7	8.7	8.7	8.7	8.7	8.7	8.7	8.7
6.0	6.0	6.0	6.0	6.0	6.0	6.0	6.0	6.0	6.0
1.2	1.2	1.2	1.2	1.2	1.2	1.2	1.2	1.2	1.2
4.6	4.6	4.6	4.6	4.6	4.6	4.6	4.6	4.6	4.6
8.4	8.4	8.4	8.4	8.4	8.4	8.4	8.4	8.4	8.4
9.4	9.4	9.4	9.4	9.4	9.4	9.4	9.4	9.4	9.4
7.6	7.6	7.6	7.6	7.6	7.6	7.6	7.6	7.6	7.6
4.4	4.4	4.4	4.4	4.4	4.4	4.4	4.4	4.4	4.4
8.1	8.1	8.1	8.1	8.1	8.1	8.1	8.1	8.1	8.1
8.1	8.1	8.1	8.1	8.1	8.1	8.1	8.1	8.1	8.1
1.7	1.7	1.7	1.7	1.7	1.7	1.7	1.7	1.7	1.7
0.7	0.7	0.7	0.7	0.7	0.7	0.7	0.7	0.7	0.7
6.9	6.9	6.9	6.9	6.9	6.9	6.9	6.9	6.9	6.9
6.7	6.7	6.7	6.7	6.7	6.7	6.7	6.7	6.7	6.7
0.7	0.7	0.7	0.7	0.7	0.7	0.7	0.7	0.7	0.7
6.0	6.0	6.0	6.0	6.0	6.0	6.0	6.0	6.0	6.0
5.5	5.5	5.5	5.5	5.5	5.5	5.5	5.5	5.5	5.5
3.2	3.2	3.2	3.2	3.2	3.2	3.2	3.2	3.2	3.2
7.3	7.3	7.3	7.3	7.3	7.3	7.3	7.3	7.3	7.3
3.6	3.6	3.6	3.6	3.6	3.6	3.6	3.6	3.6	3.6
1.6	1.6	1.6	1.6	1.6	1.6	1.6	1.6	1.6	1.6
4.8	4.8	4.8	4.8	4.8	4.8	4.8	4.8	4.8	4.8
8.7	8.7	8.7	8.7	8.7	8.7	8.7	8.7	8.7	8.7
1.2	1.2	1.2	1.2	1.2	1.2	1.2	1.2	1.2	1.2
0.9	0.9	0.9	0.9	0.9	0.9	0.9	0.9	0.9	0.9
8.2	8.2	8.2	8.2	8.2	8.2	8.2	8.2	8.2	8.2
1.8	1.8	1.8	1.8	1.8	1.8	1.8	1.8	1.8	1.8
6.9	6.9	6.9	6.9	6.9	6.9	6.9	6.9	6.9	6.9
7.0	7.0	7.0	7.0	7.0	7.0	7.0	7.0	7.0	7.0
7.7	7.7	7.7	7.7	7.7	7.7	7.7	7.7	7.7	7.7
3.2	3.2	3.2	3.2	3.2	3.2	3.2	3.2	3.2	3.2
1.1	1.1	1.1	1.1	1.1	1.1	1.1	1.1	1.1	1.1
2.0	2.0	2.0	2.0	2.0	2.0	2.0	2.0	2.0	2.0
8.3	8.3	8.3	8.3	8.3	8.3	8.3	8.3	8.3	8.3
0.2	0.2	0.2	0.2	0.2	0.2	0.2	0.2	0.2	0.2
7.1	7.1	7.1	7.1	7.1	7.1	7.1	7.1	7.1	7.1
4.1	4.1	4.1	4.1	4.1	4.1	4.1	4.1	4.1	4.1
2.2	2.2	2.2	2.2	2.2	2.2	2.2	2.2	2.2	2.2
5.8	5.8	5.8	5.8	5.8	5.8	5.8	5.8	5.8	5.8
0.1	0.1	0.1	0.1	0.1	0.1	0.1	0.1	0.1	0.1
4.2	4.2	4.2	4.2	4.2	4.2	4.2	4.2	4.2	4.2
6.4	6.4	6.4	6.4	6.4	6.4	6.4	6.4	6.4	6.4
6.4	6.4	6.4	6.4	6.4	6.4	6.4	6.4	6.4	6.4
4.4	4.4	4.4	4.4	4.4	4.4	4.4	4.4	4.4	4.4
2.0	2.0	2.0	2.0	2.0	2.0	2.0	2.0	2.0	2.0
3.5	3.5	3.5	3.5	3.5	3.5	3.5	3.5	3.5	3.5
0.2	0.2	0.2	0.2	0.2	0.2	0.2	0.2	0.2	0.2
3.6	3.6	3.6	3.6	3.6	3.6	3.6	3.6	3.6	3.6
1.9	1.9	1.9	1.9	1.9	1.9	1.9	1.9	1.9	1.9
8.0	8.0	8.0	8.0	8.0	8.0	8.0	8.0	8.0	8.0
1.8	1.8	1.8	1.8	1.8	1.8	1.8	1.8	1.8	1.8
1.5	1.5	1.5	1.5	1.5	1.5	1.5	1.5	1.5	1.5
5.3	5.3	5.3	5.3	5.3	5.3	5.3	5.3	5.3	5.3
5.9	5.9	5.9	5.9	5.9	5.9	5.9	5.9	5.9	5.9
0.6	0.6	0.6	0.6	0.6	0.6	0.6	0.6	0.6	0.6
2.0	2.0	2.0	2.0	2.0	2.0	2.0	2.0	2.0	2.0
4.3	4.3	4.3	4.3	4.3	4.3	4.3	4.3	4.3	4.3
1.9	1.9	1.9	1.9	1.9	1.9	1.9	1.9	1.9	1.9
2.4	2.4	2.4	2.4	2.4	2.4	2.4	2.4	2.4	2.4
1.9	1.9	1.9	1.9	1.9	1.9	1.9	1.9	1.9	1.9
7.3	7.3	7.3	7.3	7.3	7.3	7.3	7.3	7.3	7.3
5.9	5.9	5.9	5.9	5.9	5.9	5.9	5.9	5.9	5.9
4.2	4.2	4.2	4.2	4.2	4.2	4.2	4.2	4.2	4.2
7.7	7.7	7.7	7.7	7.7	7.7	7.7	7.7	7.7	7.7
8.4	8.4	8.4	8.4	8.4	8.4	8.4	8.4	8.4	8.4
6.2	6.2	6.2	6.2	6.2	6.2	6.2	6.2	6.2	6.2
1.4	1.4	1.4	1.4	1.4	1.4	1.4	1.4	1.4	1.4
1.5	1.5	1.5	1.5	1.5	1.5	1.5	1.5	1.5	1.5
0.4	0.4	0.4	0.4	0.4	0.4	0.4	0.4	0.4	0.4
3.1	3.1	3.1	3.1	3.1	3.1	3.1	3.1	3.1	3.1
4.6	4.6	4.6	4.6	4.6	4.6	4.6	4.6	4.6	4.6
2.1	2.1	2.1	2.1	2.1	2.1	2.1	2.1	2.1	2.1
6.8	6.8	6.8	6.8	6.8	6.8	6.8	6.8	6.8	6.8
4.1	4.1	4.1	4.1	4.1	4.1	4.1	4.1	4.1	4.1
2.8	2.8	2.8	2.8	2.8	2.8	2.8	2.8	2.8	2.8
2.2	2.2	2.2	2.2	2.2	2.2	2.2	2.2	2.2	2.2
7.5	7.5	7.5	7.5	7.5	7.5	7.5	7.5	7.5	7.5
4.3	4.3	4.3	4.3	4.3	4.3	4.3	4.3	4.3	4.3
6.8	6.8	6.8	6.8	6.8	6.8	6.8	6.8	6.8	6.8
5.0	5.0	5.0	5.0	5.0	5.0	5.0	5.0	5.0	5.0
2.9	2.9	2.9	2.9	2.9	2.9	2.9	2.9	2.9	2.9
3.0	3.0	3.0	3.0	3.0	3.0	3.0	3.0	3.0	3.0
8.9	8.9	8.9	8.9	8.9	8.9	8.9	8.9	8.9	8.9
5.0	5.0	5.0	5.0	5.0	5.0	5.0	5.0	5.0	5.0
8.0	8.0	8.0	8.0	8.0	8.0	8.0	8.0	8.0	8.0
2.3	2.3	2.3	2.3	2.3	2.3	2.3	2.3	2.3	2.3
8.0	8.0	8.0	8.0	8.0	8.0	8.0	8.0	8.0	8.0
8.6	8.6	8.6	8.6	8.6	8.6	8.6	8.6	8.6	8.6
5.4	5.4	5.4	5.4	5.4	5.4	5.4	5.4	5.4	5.4
4.3	4.3	4.3	4.3	4.3	4.3	4.3	4.3	4.3	4.3
6.9	6.9	6.9	6.9	6.9	6.9	6.9	6.9	6.9	6.9
7.4	7.4	7.4	7.4	7.4	7.4	7.4	7.4	7.4	7.4
]
