N_MACHINES:5	N_JOBS:100	CHARGING_TIME:60	INITIAL_CHARGE:10
D:[
15	15	15	15	15
13	13	13	13	13
69	69	69	69	69
30	30	30	30	30
11	11	11	11	11
1	1	1	1	1
15	15	15	15	15
39	39	39	39	39
54	54	54	54	54
14	14	14	14	14
19	19	19	19	19
14	14	14	14	14
28	28	28	28	28
57	57	57	57	57
50	50	50	50	50
19	19	19	19	19
43	43	43	43	43
2	2	2	2	2
71	71	71	71	71
16	16	16	16	16
22	22	22	22	22
65	65	65	65	65
22	22	22	22	22
69	69	69	69	69
29	29	29	29	29
8	8	8	8	8
43	43	43	43	43
36	36	36	36	36
54	54	54	54	54
88	88	88	88	88
35	35	35	35	35
37	37	37	37	37
40	40	40	40	40
4	4	4	4	4
30	30	30	30	30
26	26	26	26	26
13	13	13	13	13
12	12	12	12	12
12	12	12	12	12
58	58	58	58	58
8	8	8	8	8
25	25	25	25	25
42	42	42	42	42
42	42	42	42	42
18	18	18	18	18
92	92	92	92	92
42	42	42	42	42
54	54	54	54	54
25	25	25	25	25
62	62	62	62	62
24	24	24	24	24
45	45	45	45	45
70	70	70	70	70
81	81	81	81	81
38	38	38	38	38
7	7	7	7	7
2	2	2	2	2
1	1	1	1	1
48	48	48	48	48
25	25	25	25	25
50	50	50	50	50
49	49	49	49	49
14	14	14	14	14
23	23	23	23	23
9	9	9	9	9
29	29	29	29	29
34	34	34	34	34
46	46	46	46	46
48	48	48	48	48
19	19	19	19	19
38	38	38	38	38
3	3	3	3	3
59	59	59	59	59
21	21	21	21	21
96	96	96	96	96
34	34	34	34	34
50	50	50	50	50
83	83	83	83	83
26	26	26	26	26
65	65	65	65	65
52	52	52	52	52
72	72	72	72	72
35	35	35	35	35
4	4	4	4	4
41	41	41	41	41
20	20	20	20	20
36	36	36	36	36
33	33	33	33	33
34	34	34	34	34
0	0	0	0	0
23	23	23	23	23
71	71	71	71	71
29	29	29	29	29
30	30	30	30	30
45	45	45	45	45
32	32	32	32	32
37	37	37	37	37
44	44	44	44	44
62	62	62	62	62
30	30	30	30	30
]
w:[
2.7	2.7	2.7	2.7	2.7
5.2	5.2	5.2	5.2	5.2
3.5	3.5	3.5	3.5	3.5
6.5	6.5	6.5	6.5	6.5
3.4	3.4	3.4	3.4	3.4
0.4	0.4	0.4	0.4	0.4
5.0	5.0	5.0	5.0	5.0
4.3	4.3	4.3	4.3	4.3
2.9	2.9	2.9	2.9	2.9
2.2	2.2	2.2	2.2	2.2
2.5	2.5	2.5	2.5	2.5
4.9	4.9	4.9	4.9	4.9
2.1	2.1	2.1	2.1	2.1
1.6	1.6	1.6	1.6	1.6
2.7	2.7	2.7	2.7	2.7
0.5	0.5	0.5	0.5	0.5
6.1	6.1	6.1	6.1	6.1
1.9	1.9	1.9	1.9	1.9
6.8	6.8	6.8	6.8	6.8
2.6	2.6	2.6	2.6	2.6
5.0	5.0	5.0	5.0	5.0
2.4	2.4	2.4	2.4	2.4
0.7	0.7	0.7	0.7	0.7
3.5	3.5	3.5	3.5	3.5
2.9	2.9	2.9	2.9	2.9
2.4	2.4	2.4	2.4	2.4
1.2	1.2	1.2	1.2	1.2
1.0	1.0	1.0	1.0	1.0
4.5	4.5	4.5	4.5	4.5
6.5	6.5	6.5	6.5	6.5
1.8	1.8	1.8	1.8	1.8
4.7	4.7	4.7	4.7	4.7
3.8	3.8	3.8	3.8	3.8
1.5	1.5	1.5	1.5	1.5
2.4	2.4	2.4	2.4	2.4
3.3	3.3	3.3	3.3	3.3
0.7	0.7	0.7	0.7	0.7
0.7	0.7	0.7	0.7	0.7
2.5	2.5	2.5	2.5	2.5
1.0	1.0	1.0	1.0	1.0
3.4	3.4	3.4	3.4	3.4
2.1	2.1	2.1	2.1	2.1
1.5	1.5	1.5	1.5	1.5
1.2	1.2	1.2	1.2	1.2
2.5	2.5	2.5	2.5	2.5
1.2	1.2	1.2	1.2	1.2
0.8	0.8	0.8	0.8	0.8
4.5	4.5	4.5	4.5	4.5
1.0	1.0	1.0	1.0	1.0
4.4	4.4	4.4	4.4	4.4
1.7	1.7	1.7	1.7	1.7
2.6	2.6	2.6	2.6	2.6
5.2	5.2	5.2	5.2	5.2
3.5	3.5	3.5	3.5	3.5
3.0	3.0	3.0	3.0	3.0
1.7	1.7	1.7	1.7	1.7
5.6	5.6	5.6	5.6	5.6
3.4	3.4	3.4	3.4	3.4
3.3	3.3	3.3	3.3	3.3
1.1	1.1	1.1	1.1	1.1
1.9	1.9	1.9	1.9	1.9
1.2	1.2	1.2	1.2	1.2
2.9	2.9	2.9	2.9	2.9
2.5	2.5	2.5	2.5	2.5
2.6	2.6	2.6	2.6	2.6
4.1	4.1	4.1	4.1	4.1
1.0	1.0	1.0	1.0	1.0
0.2	0.2	0.2	0.2	0.2
3.4	3.4	3.4	3.4	3.4
1.2	1.2	1.2	1.2	1.2
0.3	0.3	0.3	0.3	0.3
2.1	2.1	2.1	2.1	2.1
2.1	2.1	2.1	2.1	2.1
1.3	1.3	1.3	1.3	1.3
3.1	3.1	3.1	3.1	3.1
2.9	2.9	2.9	2.9	2.9
0.3	0.3	0.3	0.3	0.3
1.0	1.0	1.0	1.0	1.0
2.7	2.7	2.7	2.7	2.7
1.9	1.9	1.9	1.9	1.9
2.1	2.1	2.1	2.1	2.1
1.3	1.3	1.3	1.3	1.3
1.8	1.8	1.8	1.8	1.8
2.1	2.1	2.1	2.1	2.1
1.3	1.3	1.3	1.3	1.3
2.5	2.5	2.5	2.5	2.5
1.2	1.2	1.2	1.2	1.2
1.6	1.6	1.6	1.6	1.6
2.1	2.1	2.1	2.1	2.1
3.8	3.8	3.8	3.8	3.8
2.9	2.9	2.9	2.9	2.9
3.9	3.9	3.9	3.9	3.9
0.3	0.3	0.3	0.3	0.3
1.4	1.4	1.4	1.4	1.4
3.6	3.6	3.6	3.6	3.6
2.5	2.5	2.5	2.5	2.5
0.4	0.4	0.4	0.4	0.4
0.4	0.4	0.4	0.4	0.4
2.6	2.6	2.6	2.6	2.6
0.7	0.7	0.7	0.7	0.7
]
