N_MACHINES:10	N_JOBS:100	CHARGING_TIME:60	INITIAL_CHARGE:10
D:[
25	25	25	25	25	25	25	25	25	25
46	46	46	46	46	46	46	46	46	46
3	3	3	3	3	3	3	3	3	3
25	25	25	25	25	25	25	25	25	25
6	6	6	6	6	6	6	6	6	6
28	28	28	28	28	28	28	28	28	28
31	31	31	31	31	31	31	31	31	31
34	34	34	34	34	34	34	34	34	34
45	45	45	45	45	45	45	45	45	45
3	3	3	3	3	3	3	3	3	3
37	37	37	37	37	37	37	37	37	37
17	17	17	17	17	17	17	17	17	17
14	14	14	14	14	14	14	14	14	14
28	28	28	28	28	28	28	28	28	28
29	29	29	29	29	29	29	29	29	29
34	34	34	34	34	34	34	34	34	34
21	21	21	21	21	21	21	21	21	21
47	47	47	47	47	47	47	47	47	47
36	36	36	36	36	36	36	36	36	36
2	2	2	2	2	2	2	2	2	2
1	1	1	1	1	1	1	1	1	1
54	54	54	54	54	54	54	54	54	54
9	9	9	9	9	9	9	9	9	9
9	9	9	9	9	9	9	9	9	9
10	10	10	10	10	10	10	10	10	10
33	33	33	33	33	33	33	33	33	33
32	32	32	32	32	32	32	32	32	32
25	25	25	25	25	25	25	25	25	25
9	9	9	9	9	9	9	9	9	9
3	3	3	3	3	3	3	3	3	3
36	36	36	36	36	36	36	36	36	36
13	13	13	13	13	13	13	13	13	13
9	9	9	9	9	9	9	9	9	9
41	41	41	41	41	41	41	41	41	41
33	33	33	33	33	33	33	33	33	33
28	28	28	28	28	28	28	28	28	28
17	17	17	17	17	17	17	17	17	17
20	20	20	20	20	20	20	20	20	20
44	44	44	44	44	44	44	44	44	44
52	52	52	52	52	52	52	52	52	52
15	15	15	15	15	15	15	15	15	15
17	17	17	17	17	17	17	17	17	17
23	23	23	23	23	23	23	23	23	23
28	28	28	28	28	28	28	28	28	28
57	57	57	57	57	57	57	57	57	57
20	20	20	20	20	20	20	20	20	20
28	28	28	28	28	28	28	28	28	28
40	40	40	40	40	40	40	40	40	40
10	10	10	10	10	10	10	10	10	10
23	23	23	23	23	23	23	23	23	23
10	10	10	10	10	10	10	10	10	10
30	30	30	30	30	30	30	30	30	30
29	29	29	29	29	29	29	29	29	29
27	27	27	27	27	27	27	27	27	27
25	25	25	25	25	25	25	25	25	25
35	35	35	35	35	35	35	35	35	35
55	55	55	55	55	55	55	55	55	55
18	18	18	18	18	18	18	18	18	18
6	6	6	6	6	6	6	6	6	6
41	41	41	41	41	41	41	41	41	41
24	24	24	24	24	24	24	24	24	24
18	18	18	18	18	18	18	18	18	18
24	24	24	24	24	24	24	24	24	24
15	15	15	15	15	15	15	15	15	15
31	31	31	31	31	31	31	31	31	31
23	23	23	23	23	23	23	23	23	23
37	37	37	37	37	37	37	37	37	37
22	22	22	22	22	22	22	22	22	22
2	2	2	2	2	2	2	2	2	2
20	20	20	20	20	20	20	20	20	20
31	31	31	31	31	31	31	31	31	31
21	21	21	21	21	21	21	21	21	21
43	43	43	43	43	43	43	43	43	43
47	47	47	47	47	47	47	47	47	47
23	23	23	23	23	23	23	23	23	23
57	57	57	57	57	57	57	57	57	57
47	47	47	47	47	47	47	47	47	47
13	13	13	13	13	13	13	13	13	13
27	27	27	27	27	27	27	27	27	27
34	34	34	34	34	34	34	34	34	34
29	29	29	29	29	29	29	29	29	29
45	45	45	45	45	45	45	45	45	45
46	46	46	46	46	46	46	46	46	46
5	5	5	5	5	5	5	5	5	5
0	0	0	0	0	0	0	0	0	0
15	15	15	15	15	15	15	15	15	15
37	37	37	37	37	37	37	37	37	37
41	41	41	41	41	41	41	41	41	41
24	24	24	24	24	24	24	24	24	24
16	16	16	16	16	16	16	16	16	16
29	29	29	29	29	29	29	29	29	29
34	34	34	34	34	34	34	34	34	34
7	7	7	7	7	7	7	7	7	7
18	18	18	18	18	18	18	18	18	18
17	17	17	17	17	17	17	17	17	17
24	24	24	24	24	24	24	24	24	24
35	35	35	35	35	35	35	35	35	35
18	18	18	18	18	18	18	18	18	18
23	23	23	23	23	23	23	23	23	23
7	7	7	7	7	7	7	7	7	7
]
w:[
1.4	1.4	1.4	1.4	1.4	1.4	1.4	1.4	1.4	1.4
2.1	2.1	2.1	2.1	2.1	2.1	2.1	2.1	2.1	2.1
5.7	5.7	5.7	5.7	5.7	5.7	5.7	5.7	5.7	5.7
7.9	7.9	7.9	7.9	7.9	7.9	7.9	7.9	7.9	7.9
4.8	4.8	4.8	4.8	4.8	4.8	4.8	4.8	4.8	4.8
2.3	2.3	2.3	2.3	2.3	2.3	2.3	2.3	2.3	2.3
6.9	6.9	6.9	6.9	6.9	6.9	6.9	6.9	6.9	6.9
0.8	0.8	0.8	0.8	0.8	0.8	0.8	0.8	0.8	0.8
1.8	1.8	1.8	1.8	1.8	1.8	1.8	1.8	1.8	1.8
2.1	2.1	2.1	2.1	2.1	2.1	2.1	2.1	2.1	2.1
2.8	2.8	2.8	2.8	2.8	2.8	2.8	2.8	2.8	2.8
4.5	4.5	4.5	4.5	4.5	4.5	4.5	4.5	4.5	4.5
4.7	4.7	4.7	4.7	4.7	4.7	4.7	4.7	4.7	4.7
3.2	3.2	3.2	3.2	3.2	3.2	3.2	3.2	3.2	3.2
5.2	5.2	5.2	5.2	5.2	5.2	5.2	5.2	5.2	5.2
5.1	5.1	5.1	5.1	5.1	5.1	5.1	5.1	5.1	5.1
0.8	0.8	0.8	0.8	0.8	0.8	0.8	0.8	0.8	0.8
7.7	7.7	7.7	7.7	7.7	7.7	7.7	7.7	7.7	7.7
8.3	8.3	8.3	8.3	8.3	8.3	8.3	8.3	8.3	8.3
0.3	0.3	0.3	0.3	0.3	0.3	0.3	0.3	0.3	0.3
9.1	9.1	9.1	9.1	9.1	9.1	9.1	9.1	9.1	9.1
0.4	0.4	0.4	0.4	0.4	0.4	0.4	0.4	0.4	0.4
3.3	3.3	3.3	3.3	3.3	3.3	3.3	3.3	3.3	3.3
0.9	0.9	0.9	0.9	0.9	0.9	0.9	0.9	0.9	0.9
6.8	6.8	6.8	6.8	6.8	6.8	6.8	6.8	6.8	6.8
2.7	2.7	2.7	2.7	2.7	2.7	2.7	2.7	2.7	2.7
1.5	1.5	1.5	1.5	1.5	1.5	1.5	1.5	1.5	1.5
1.6	1.6	1.6	1.6	1.6	1.6	1.6	1.6	1.6	1.6
1.1	1.1	1.1	1.1	1.1	1.1	1.1	1.1	1.1	1.1
0.8	0.8	0.8	0.8	0.8	0.8	0.8	0.8	0.8	0.8
9.9	9.9	9.9	9.9	9.9	9.9	9.9	9.9	9.9	9.9
4.8	4.8	4.8	4.8	4.8	4.8	4.8	4.8	4.8	4.8
4.6	4.6	4.6	4.6	4.6	4.6	4.6	4.6	4.6	4.6
6.5	6.5	6.5	6.5	6.5	6.5	6.5	6.5	6.5	6.5
0.7	0.7	0.7	0.7	0.7	0.7	0.7	0.7	0.7	0.7
0.3	0.3	0.3	0.3	0.3	0.3	0.3	0.3	0.3	0.3
4.1	4.1	4.1	4.1	4.1	4.1	4.1	4.1	4.1	4.1
4.4	4.4	4.4	4.4	4.4	4.4	4.4	4.4	4.4	4.4
3.6	3.6	3.6	3.6	3.6	3.6	3.6	3.6	3.6	3.6
6.3	6.3	6.3	6.3	6.3	6.3	6.3	6.3	6.3	6.3
5.8	5.8	5.8	5.8	5.8	5.8	5.8	5.8	5.8	5.8
3.3	3.3	3.3	3.3	3.3	3.3	3.3	3.3	3.3	3.3
8.3	8.3	8.3	8.3	8.3	8.3	8.3	8.3	8.3	8.3
4.8	4.8	4.8	4.8	4.8	4.8	4.8	4.8	4.8	4.8
9.5	9.5	9.5	9.5	9.5	9.5	9.5	9.5	9.5	9.5
3.9	3.9	3.9	3.9	3.9	3.9	3.9	3.9	3.9	3.9
2.8	2.8	2.8	2.8	2.8	2.8	2.8	2.8	2.8	2.8
8.4	8.4	8.4	8.4	8.4	8.4	8.4	8.4	8.4	8.4
5.2	5.2	5.2	5.2	5.2	5.2	5.2	5.2	5.2	5.2
4.1	4.1	4.1	4.1	4.1	4.1	4.1	4.1	4.1	4.1
6.5	6.5	6.5	6.5	6.5	6.5	6.5	6.5	6.5	6.5
9.1	9.1	9.1	9.1	9.1	9.1	9.1	9.1	9.1	9.1
9.3	9.3	9.3	9.3	9.3	9.3	9.3	9.3	9.3	9.3
2.3	2.3	2.3	2.3	2.3	2.3	2.3	2.3	2.3	2.3
0.4	0.4	0.4	0.4	0.4	0.4	0.4	0.4	0.4	0.4
7.9	7.9	7.9	7.9	7.9	7.9	7.9	7.9	7.9	7.9
9.3	9.3	9.3	9.3	9.3	9.3	9.3	9.3	9.3	9.3
4.4	4.4	4.4	4.4	4.4	4.4	4.4	4.4	4.4	4.4
2.5	2.5	2.5	2.5	2.5	2.5	2.5	2.5	2.5	2.5
1.3	1.3	1.3	1.3	1.3	1.3	1.3	1.3	1.3	1.3
5.6	5.6	5.6	5.6	5.6	5.6	5.6	5.6	5.6	5.6
5.0	5.0	5.0	5.0	5.0	5.0	5.0	5.0	5.0	5.0
2.0	2.0	2.0	2.0	2.0	2.0	2.0	2.0	2.0	2.0
5.3	5.3	5.3	5.3	5.3	5.3	5.3	5.3	5.3	5.3
7.3	7.3	7.3	7.3	7.3	7.3	7.3	7.3	7.3	7.3
2.4	2.4	2.4	2.4	2.4	2.4	2.4	2.4	2.4	2.4
9.5	9.5	9.5	9.5	9.5	9.5	9.5	9.5	9.5	9.5
4.2	4.2	4.2	4.2	4.2	4.2	4.2	4.2	4.2	4.2
1.6	1.6	1.6	1.6	1.6	1.6	1.6	1.6	1.6	1.6
9.0	9.0	9.0	9.0	9.0	9.0	9.0	9.0	9.0	9.0
4.2	4.2	4.2	4.2	4.2	4.2	4.2	4.2	4.2	4.2
4.5	4.5	4.5	4.5	4.5	4.5	4.5	4.5	4.5	4.5
9.6	9.6	9.6	9.6	9.6	9.6	9.6	9.6	9.6	9.6
4.3	4.3	4.3	4.3	4.3	4.3	4.3	4.3	4.3	4.3
8.3	8.3	8.3	8.3	8.3	8.3	8.3	8.3	8.3	8.3
7.5	7.5	7.5	7.5	7.5	7.5	7.5	7.5	7.5	7.5
0.6	0.6	0.6	0.6	0.6	0.6	0.6	0.6	0.6	0.6
4.0	4.0	4.0	4.0	4.0	4.0	4.0	4.0	4.0	4.0
1.2	1.2	1.2	1.2	1.2	1.2	1.2	1.2	1.2	1.2
6.5	6.5	6.5	6.5	6.5	6.5	6.5	6.5	6.5	6.5
7.4	7.4	7.4	7.4	7.4	7.4	7.4	7.4	7.4	7.4
3.8	3.8	3.8	3.8	3.8	3.8	3.8	3.8	3.8	3.8
1.0	1.0	1.0	1.0	1.0	1.0	1.0	1.0	1.0	1.0
6.7	6.7	6.7	6.7	6.7	6.7	6.7	6.7	6.7	6.7
2.6	2.6	2.6	2.6	2.6	2.6	2.6	2.6	2.6	2.6
4.2	4.2	4.2	4.2	4.2	4.2	4.2	4.2	4.2	4.2
4.2	4.2	4.2	4.2	4.2	4.2	4.2	4.2	4.2	4.2
7.6	7.6	7.6	7.6	7.6	7.6	7.6	7.6	7.6	7.6
9.6	9.6	9.6	9.6	9.6	9.6	9.6	9.6	9.6	9.6
9.1	9.1	9.1	9.1	9.1	9.1	9.1	9.1	9.1	9.1
3.6	3.6	3.6	3.6	3.6	3.6	3.6	3.6	3.6	3.6
2.9	2.9	2.9	2.9	2.9	2.9	2.9	2.9	2.9	2.9
6.9	6.9	6.9	6.9	6.9	6.9	6.9	6.9	6.9	6.9
3.8	3.8	3.8	3.8	3.8	3.8	3.8	3.8	3.8	3.8
4.1	4.1	4.1	4.1	4.1	4.1	4.1	4.1	4.1	4.1
1.9	1.9	1.9	1.9	1.9	1.9	1.9	1.9	1.9	1.9
3.8	3.8	3.8	3.8	3.8	3.8	3.8	3.8	3.8	3.8
5.0	5.0	5.0	5.0	5.0	5.0	5.0	5.0	5.0	5.0
8.2	8.2	8.2	8.2	8.2	8.2	8.2	8.2	8.2	8.2
5.3	5.3	5.3	5.3	5.3	5.3	5.3	5.3	5.3	5.3
]
