N_MACHINES:10	N_JOBS:100	CHARGING_TIME:60	INITIAL_CHARGE:10
D:[
14	14	14	14	14	14	14	14	14	14
27	27	27	27	27	27	27	27	27	27
45	45	45	45	45	45	45	45	45	45
8	8	8	8	8	8	8	8	8	8
23	23	23	23	23	23	23	23	23	23
36	36	36	36	36	36	36	36	36	36
0	0	0	0	0	0	0	0	0	0
21	21	21	21	21	21	21	21	21	21
13	13	13	13	13	13	13	13	13	13
36	36	36	36	36	36	36	36	36	36
8	8	8	8	8	8	8	8	8	8
22	22	22	22	22	22	22	22	22	22
3	3	3	3	3	3	3	3	3	3
34	34	34	34	34	34	34	34	34	34
2	2	2	2	2	2	2	2	2	2
12	12	12	12	12	12	12	12	12	12
43	43	43	43	43	43	43	43	43	43
25	25	25	25	25	25	25	25	25	25
61	61	61	61	61	61	61	61	61	61
42	42	42	42	42	42	42	42	42	42
10	10	10	10	10	10	10	10	10	10
16	16	16	16	16	16	16	16	16	16
2	2	2	2	2	2	2	2	2	2
11	11	11	11	11	11	11	11	11	11
14	14	14	14	14	14	14	14	14	14
13	13	13	13	13	13	13	13	13	13
2	2	2	2	2	2	2	2	2	2
11	11	11	11	11	11	11	11	11	11
4	4	4	4	4	4	4	4	4	4
3	3	3	3	3	3	3	3	3	3
31	31	31	31	31	31	31	31	31	31
39	39	39	39	39	39	39	39	39	39
12	12	12	12	12	12	12	12	12	12
50	50	50	50	50	50	50	50	50	50
28	28	28	28	28	28	28	28	28	28
19	19	19	19	19	19	19	19	19	19
32	32	32	32	32	32	32	32	32	32
8	8	8	8	8	8	8	8	8	8
22	22	22	22	22	22	22	22	22	22
21	21	21	21	21	21	21	21	21	21
12	12	12	12	12	12	12	12	12	12
33	33	33	33	33	33	33	33	33	33
6	6	6	6	6	6	6	6	6	6
34	34	34	34	34	34	34	34	34	34
28	28	28	28	28	28	28	28	28	28
23	23	23	23	23	23	23	23	23	23
16	16	16	16	16	16	16	16	16	16
19	19	19	19	19	19	19	19	19	19
28	28	28	28	28	28	28	28	28	28
9	9	9	9	9	9	9	9	9	9
5	5	5	5	5	5	5	5	5	5
2	2	2	2	2	2	2	2	2	2
7	7	7	7	7	7	7	7	7	7
31	31	31	31	31	31	31	31	31	31
15	15	15	15	15	15	15	15	15	15
23	23	23	23	23	23	23	23	23	23
42	42	42	42	42	42	42	42	42	42
21	21	21	21	21	21	21	21	21	21
54	54	54	54	54	54	54	54	54	54
7	7	7	7	7	7	7	7	7	7
3	3	3	3	3	3	3	3	3	3
7	7	7	7	7	7	7	7	7	7
35	35	35	35	35	35	35	35	35	35
50	50	50	50	50	50	50	50	50	50
25	25	25	25	25	25	25	25	25	25
15	15	15	15	15	15	15	15	15	15
2	2	2	2	2	2	2	2	2	2
49	49	49	49	49	49	49	49	49	49
5	5	5	5	5	5	5	5	5	5
7	7	7	7	7	7	7	7	7	7
20	20	20	20	20	20	20	20	20	20
8	8	8	8	8	8	8	8	8	8
30	30	30	30	30	30	30	30	30	30
24	24	24	24	24	24	24	24	24	24
62	62	62	62	62	62	62	62	62	62
35	35	35	35	35	35	35	35	35	35
34	34	34	34	34	34	34	34	34	34
77	77	77	77	77	77	77	77	77	77
13	13	13	13	13	13	13	13	13	13
11	11	11	11	11	11	11	11	11	11
28	28	28	28	28	28	28	28	28	28
27	27	27	27	27	27	27	27	27	27
43	43	43	43	43	43	43	43	43	43
38	38	38	38	38	38	38	38	38	38
28	28	28	28	28	28	28	28	28	28
34	34	34	34	34	34	34	34	34	34
20	20	20	20	20	20	20	20	20	20
49	49	49	49	49	49	49	49	49	49
25	25	25	25	25	25	25	25	25	25
5	5	5	5	5	5	5	5	5	5
19	19	19	19	19	19	19	19	19	19
10	10	10	10	10	10	10	10	10	10
50	50	50	50	50	50	50	50	50	50
9	9	9	9	9	9	9	9	9	9
50	50	50	50	50	50	50	50	50	50
31	31	31	31	31	31	31	31	31	31
11	11	11	11	11	11	11	11	11	11
16	16	16	16	16	16	16	16	16	16
0	0	0	0	0	0	0	0	0	0
26	26	26	26	26	26	26	26	26	26
]
w:[
0.1	0.1	0.1	0.1	0.1	0.1	0.1	0.1	0.1	0.1
7.9	7.9	7.9	7.9	7.9	7.9	7.9	7.9	7.9	7.9
5.7	5.7	5.7	5.7	5.7	5.7	5.7	5.7	5.7	5.7
6.3	6.3	6.3	6.3	6.3	6.3	6.3	6.3	6.3	6.3
5.8	5.8	5.8	5.8	5.8	5.8	5.8	5.8	5.8	5.8
5.0	5.0	5.0	5.0	5.0	5.0	5.0	5.0	5.0	5.0
5.4	5.4	5.4	5.4	5.4	5.4	5.4	5.4	5.4	5.4
2.3	2.3	2.3	2.3	2.3	2.3	2.3	2.3	2.3	2.3
2.4	2.4	2.4	2.4	2.4	2.4	2.4	2.4	2.4	2.4
0.8	0.8	0.8	0.8	0.8	0.8	0.8	0.8	0.8	0.8
4.7	4.7	4.7	4.7	4.7	4.7	4.7	4.7	4.7	4.7
0.5	0.5	0.5	0.5	0.5	0.5	0.5	0.5	0.5	0.5
6.5	6.5	6.5	6.5	6.5	6.5	6.5	6.5	6.5	6.5
8.3	8.3	8.3	8.3	8.3	8.3	8.3	8.3	8.3	8.3
0.3	0.3	0.3	0.3	0.3	0.3	0.3	0.3	0.3	0.3
8.1	8.1	8.1	8.1	8.1	8.1	8.1	8.1	8.1	8.1
3.0	3.0	3.0	3.0	3.0	3.0	3.0	3.0	3.0	3.0
6.0	6.0	6.0	6.0	6.0	6.0	6.0	6.0	6.0	6.0
3.9	3.9	3.9	3.9	3.9	3.9	3.9	3.9	3.9	3.9
3.7	3.7	3.7	3.7	3.7	3.7	3.7	3.7	3.7	3.7
5.4	5.4	5.4	5.4	5.4	5.4	5.4	5.4	5.4	5.4
3.9	3.9	3.9	3.9	3.9	3.9	3.9	3.9	3.9	3.9
1.6	1.6	1.6	1.6	1.6	1.6	1.6	1.6	1.6	1.6
7.5	7.5	7.5	7.5	7.5	7.5	7.5	7.5	7.5	7.5
5.5	5.5	5.5	5.5	5.5	5.5	5.5	5.5	5.5	5.5
1.1	1.1	1.1	1.1	1.1	1.1	1.1	1.1	1.1	1.1
2.4	2.4	2.4	2.4	2.4	2.4	2.4	2.4	2.4	2.4
5.0	5.0	5.0	5.0	5.0	5.0	5.0	5.0	5.0	5.0
4.7	4.7	4.7	4.7	4.7	4.7	4.7	4.7	4.7	4.7
5.0	5.0	5.0	5.0	5.0	5.0	5.0	5.0	5.0	5.0
6.7	6.7	6.7	6.7	6.7	6.7	6.7	6.7	6.7	6.7
0.3	0.3	0.3	0.3	0.3	0.3	0.3	0.3	0.3	0.3
2.1	2.1	2.1	2.1	2.1	2.1	2.1	2.1	2.1	2.1
7.4	7.4	7.4	7.4	7.4	7.4	7.4	7.4	7.4	7.4
3.8	3.8	3.8	3.8	3.8	3.8	3.8	3.8	3.8	3.8
5.3	5.3	5.3	5.3	5.3	5.3	5.3	5.3	5.3	5.3
8.3	8.3	8.3	8.3	8.3	8.3	8.3	8.3	8.3	8.3
7.8	7.8	7.8	7.8	7.8	7.8	7.8	7.8	7.8	7.8
6.2	6.2	6.2	6.2	6.2	6.2	6.2	6.2	6.2	6.2
6.0	6.0	6.0	6.0	6.0	6.0	6.0	6.0	6.0	6.0
2.6	2.6	2.6	2.6	2.6	2.6	2.6	2.6	2.6	2.6
0.2	0.2	0.2	0.2	0.2	0.2	0.2	0.2	0.2	0.2
5.7	5.7	5.7	5.7	5.7	5.7	5.7	5.7	5.7	5.7
2.9	2.9	2.9	2.9	2.9	2.9	2.9	2.9	2.9	2.9
6.8	6.8	6.8	6.8	6.8	6.8	6.8	6.8	6.8	6.8
2.4	2.4	2.4	2.4	2.4	2.4	2.4	2.4	2.4	2.4
4.5	4.5	4.5	4.5	4.5	4.5	4.5	4.5	4.5	4.5
7.7	7.7	7.7	7.7	7.7	7.7	7.7	7.7	7.7	7.7
6.2	6.2	6.2	6.2	6.2	6.2	6.2	6.2	6.2	6.2
8.1	8.1	8.1	8.1	8.1	8.1	8.1	8.1	8.1	8.1
5.7	5.7	5.7	5.7	5.7	5.7	5.7	5.7	5.7	5.7
5.1	5.1	5.1	5.1	5.1	5.1	5.1	5.1	5.1	5.1
7.3	7.3	7.3	7.3	7.3	7.3	7.3	7.3	7.3	7.3
1.6	1.6	1.6	1.6	1.6	1.6	1.6	1.6	1.6	1.6
0.8	0.8	0.8	0.8	0.8	0.8	0.8	0.8	0.8	0.8
7.7	7.7	7.7	7.7	7.7	7.7	7.7	7.7	7.7	7.7
5.4	5.4	5.4	5.4	5.4	5.4	5.4	5.4	5.4	5.4
8.1	8.1	8.1	8.1	8.1	8.1	8.1	8.1	8.1	8.1
8.8	8.8	8.8	8.8	8.8	8.8	8.8	8.8	8.8	8.8
3.0	3.0	3.0	3.0	3.0	3.0	3.0	3.0	3.0	3.0
1.3	1.3	1.3	1.3	1.3	1.3	1.3	1.3	1.3	1.3
8.1	8.1	8.1	8.1	8.1	8.1	8.1	8.1	8.1	8.1
1.4	1.4	1.4	1.4	1.4	1.4	1.4	1.4	1.4	1.4
1.6	1.6	1.6	1.6	1.6	1.6	1.6	1.6	1.6	1.6
2.8	2.8	2.8	2.8	2.8	2.8	2.8	2.8	2.8	2.8
7.2	7.2	7.2	7.2	7.2	7.2	7.2	7.2	7.2	7.2
8.0	8.0	8.0	8.0	8.0	8.0	8.0	8.0	8.0	8.0
1.4	1.4	1.4	1.4	1.4	1.4	1.4	1.4	1.4	1.4
2.9	2.9	2.9	2.9	2.9	2.9	2.9	2.9	2.9	2.9
5.0	5.0	5.0	5.0	5.0	5.0	5.0	5.0	5.0	5.0
2.5	2.5	2.5	2.5	2.5	2.5	2.5	2.5	2.5	2.5
1.5	1.5	1.5	1.5	1.5	1.5	1.5	1.5	1.5	1.5
2.0	2.0	2.0	2.0	2.0	2.0	2.0	2.0	2.0	2.0
6.6	6.6	6.6	6.6	6.6	6.6	6.6	6.6	6.6	6.6
5.9	5.9	5.9	5.9	5.9	5.9	5.9	5.9	5.9	5.9
6.6	6.6	6.6	6.6	6.6	6.6	6.6	6.6	6.6	6.6
5.2	5.2	5.2	5.2	5.2	5.2	5.2	5.2	5.2	5.2
2.8	2.8	2.8	2.8	2.8	2.8	2.8	2.8	2.8	2.8
5.9	5.9	5.9	5.9	5.9	5.9	5.9	5.9	5.9	5.9
6.4	6.4	6.4	6.4	6.4	6.4	6.4	6.4	6.4	6.4
2.1	2.1	2.1	2.1	2.1	2.1	2.1	2.1	2.1	2.1
5.2	5.2	5.2	5.2	5.2	5.2	5.2	5.2	5.2	5.2
4.6	4.6	4.6	4.6	4.6	4.6	4.6	4.6	4.6	4.6
4.1	4.1	4.1	4.1	4.1	4.1	4.1	4.1	4.1	4.1
5.4	5.4	5.4	5.4	5.4	5.4	5.4	5.4	5.4	5.4
5.5	5.5	5.5	5.5	5.5	5.5	5.5	5.5	5.5	5.5
2.3	2.3	2.3	2.3	2.3	2.3	2.3	2.3	2.3	2.3
3.2	3.2	3.2	3.2	3.2	3.2	3.2	3.2	3.2	3.2
3.9	3.9	3.9	3.9	3.9	3.9	3.9	3.9	3.9	3.9
2.9	2.9	2.9	2.9	2.9	2.9	2.9	2.9	2.9	2.9
6.2	6.2	6.2	6.2	6.2	6.2	6.2	6.2	6.2	6.2
4.2	4.2	4.2	4.2	4.2	4.2	4.2	4.2	4.2	4.2
3.4	3.4	3.4	3.4	3.4	3.4	3.4	3.4	3.4	3.4
4.0	4.0	4.0	4.0	4.0	4.0	4.0	4.0	4.0	4.0
6.8	6.8	6.8	6.8	6.8	6.8	6.8	6.8	6.8	6.8
2.8	2.8	2.8	2.8	2.8	2.8	2.8	2.8	2.8	2.8
1.9	1.9	1.9	1.9	1.9	1.9	1.9	1.9	1.9	1.9
4.8	4.8	4.8	4.8	4.8	4.8	4.8	4.8	4.8	4.8
3.9	3.9	3.9	3.9	3.9	3.9	3.9	3.9	3.9	3.9
5.2	5.2	5.2	5.2	5.2	5.2	5.2	5.2	5.2	5.2
]
