N_MACHINES:10	N_JOBS:100	CHARGING_TIME:60	INITIAL_CHARGE:10
D:[
1	1	1	1	1	1	1	1	1	1
21	21	21	21	21	21	21	21	21	21
32	32	32	32	32	32	32	32	32	32
47	47	47	47	47	47	47	47	47	47
35	35	35	35	35	35	35	35	35	35
64	64	64	64	64	64	64	64	64	64
80	80	80	80	80	80	80	80	80	80
60	60	60	60	60	60	60	60	60	60
80	80	80	80	80	80	80	80	80	80
28	28	28	28	28	28	28	28	28	28
12	12	12	12	12	12	12	12	12	12
36	36	36	36	36	36	36	36	36	36
75	75	75	75	75	75	75	75	75	75
8	8	8	8	8	8	8	8	8	8
62	62	62	62	62	62	62	62	62	62
2	2	2	2	2	2	2	2	2	2
36	36	36	36	36	36	36	36	36	36
3	3	3	3	3	3	3	3	3	3
60	60	60	60	60	60	60	60	60	60
12	12	12	12	12	12	12	12	12	12
40	40	40	40	40	40	40	40	40	40
63	63	63	63	63	63	63	63	63	63
32	32	32	32	32	32	32	32	32	32
61	61	61	61	61	61	61	61	61	61
52	52	52	52	52	52	52	52	52	52
6	6	6	6	6	6	6	6	6	6
20	20	20	20	20	20	20	20	20	20
73	73	73	73	73	73	73	73	73	73
46	46	46	46	46	46	46	46	46	46
86	86	86	86	86	86	86	86	86	86
10	10	10	10	10	10	10	10	10	10
47	47	47	47	47	47	47	47	47	47
8	8	8	8	8	8	8	8	8	8
38	38	38	38	38	38	38	38	38	38
50	50	50	50	50	50	50	50	50	50
16	16	16	16	16	16	16	16	16	16
23	23	23	23	23	23	23	23	23	23
96	96	96	96	96	96	96	96	96	96
18	18	18	18	18	18	18	18	18	18
55	55	55	55	55	55	55	55	55	55
51	51	51	51	51	51	51	51	51	51
18	18	18	18	18	18	18	18	18	18
21	21	21	21	21	21	21	21	21	21
42	42	42	42	42	42	42	42	42	42
52	52	52	52	52	52	52	52	52	52
60	60	60	60	60	60	60	60	60	60
8	8	8	8	8	8	8	8	8	8
5	5	5	5	5	5	5	5	5	5
28	28	28	28	28	28	28	28	28	28
46	46	46	46	46	46	46	46	46	46
81	81	81	81	81	81	81	81	81	81
0	0	0	0	0	0	0	0	0	0
55	55	55	55	55	55	55	55	55	55
55	55	55	55	55	55	55	55	55	55
22	22	22	22	22	22	22	22	22	22
60	60	60	60	60	60	60	60	60	60
46	46	46	46	46	46	46	46	46	46
26	26	26	26	26	26	26	26	26	26
3	3	3	3	3	3	3	3	3	3
73	73	73	73	73	73	73	73	73	73
27	27	27	27	27	27	27	27	27	27
37	37	37	37	37	37	37	37	37	37
72	72	72	72	72	72	72	72	72	72
25	25	25	25	25	25	25	25	25	25
11	11	11	11	11	11	11	11	11	11
58	58	58	58	58	58	58	58	58	58
12	12	12	12	12	12	12	12	12	12
85	85	85	85	85	85	85	85	85	85
7	7	7	7	7	7	7	7	7	7
17	17	17	17	17	17	17	17	17	17
52	52	52	52	52	52	52	52	52	52
24	24	24	24	24	24	24	24	24	24
47	47	47	47	47	47	47	47	47	47
39	39	39	39	39	39	39	39	39	39
13	13	13	13	13	13	13	13	13	13
56	56	56	56	56	56	56	56	56	56
34	34	34	34	34	34	34	34	34	34
34	34	34	34	34	34	34	34	34	34
33	33	33	33	33	33	33	33	33	33
82	82	82	82	82	82	82	82	82	82
49	49	49	49	49	49	49	49	49	49
68	68	68	68	68	68	68	68	68	68
34	34	34	34	34	34	34	34	34	34
49	49	49	49	49	49	49	49	49	49
86	86	86	86	86	86	86	86	86	86
1	1	1	1	1	1	1	1	1	1
38	38	38	38	38	38	38	38	38	38
58	58	58	58	58	58	58	58	58	58
75	75	75	75	75	75	75	75	75	75
4	4	4	4	4	4	4	4	4	4
27	27	27	27	27	27	27	27	27	27
11	11	11	11	11	11	11	11	11	11
48	48	48	48	48	48	48	48	48	48
72	72	72	72	72	72	72	72	72	72
7	7	7	7	7	7	7	7	7	7
15	15	15	15	15	15	15	15	15	15
37	37	37	37	37	37	37	37	37	37
17	17	17	17	17	17	17	17	17	17
93	93	93	93	93	93	93	93	93	93
41	41	41	41	41	41	41	41	41	41
]
w:[
4.8	4.8	4.8	4.8	4.8	4.8	4.8	4.8	4.8	4.8
8.3	8.3	8.3	8.3	8.3	8.3	8.3	8.3	8.3	8.3
3.5	3.5	3.5	3.5	3.5	3.5	3.5	3.5	3.5	3.5
3.6	3.6	3.6	3.6	3.6	3.6	3.6	3.6	3.6	3.6
1.2	1.2	1.2	1.2	1.2	1.2	1.2	1.2	1.2	1.2
2.4	2.4	2.4	2.4	2.4	2.4	2.4	2.4	2.4	2.4
1.6	1.6	1.6	1.6	1.6	1.6	1.6	1.6	1.6	1.6
7.1	7.1	7.1	7.1	7.1	7.1	7.1	7.1	7.1	7.1
1.9	1.9	1.9	1.9	1.9	1.9	1.9	1.9	1.9	1.9
5.7	5.7	5.7	5.7	5.7	5.7	5.7	5.7	5.7	5.7
2.3	2.3	2.3	2.3	2.3	2.3	2.3	2.3	2.3	2.3
2.7	2.7	2.7	2.7	2.7	2.7	2.7	2.7	2.7	2.7
1.5	1.5	1.5	1.5	1.5	1.5	1.5	1.5	1.5	1.5
5.8	5.8	5.8	5.8	5.8	5.8	5.8	5.8	5.8	5.8
2.2	2.2	2.2	2.2	2.2	2.2	2.2	2.2	2.2	2.2
3.0	3.0	3.0	3.0	3.0	3.0	3.0	3.0	3.0	3.0
4.7	4.7	4.7	4.7	4.7	4.7	4.7	4.7	4.7	4.7
5.7	5.7	5.7	5.7	5.7	5.7	5.7	5.7	5.7	5.7
0.6	0.6	0.6	0.6	0.6	0.6	0.6	0.6	0.6	0.6
1.4	1.4	1.4	1.4	1.4	1.4	1.4	1.4	1.4	1.4
5.0	5.0	5.0	5.0	5.0	5.0	5.0	5.0	5.0	5.0
4.6	4.6	4.6	4.6	4.6	4.6	4.6	4.6	4.6	4.6
0.6	0.6	0.6	0.6	0.6	0.6	0.6	0.6	0.6	0.6
3.1	3.1	3.1	3.1	3.1	3.1	3.1	3.1	3.1	3.1
0.5	0.5	0.5	0.5	0.5	0.5	0.5	0.5	0.5	0.5
3.0	3.0	3.0	3.0	3.0	3.0	3.0	3.0	3.0	3.0
1.1	1.1	1.1	1.1	1.1	1.1	1.1	1.1	1.1	1.1
2.3	2.3	2.3	2.3	2.3	2.3	2.3	2.3	2.3	2.3
4.1	4.1	4.1	4.1	4.1	4.1	4.1	4.1	4.1	4.1
5.2	5.2	5.2	5.2	5.2	5.2	5.2	5.2	5.2	5.2
1.3	1.3	1.3	1.3	1.3	1.3	1.3	1.3	1.3	1.3
0.8	0.8	0.8	0.8	0.8	0.8	0.8	0.8	0.8	0.8
7.9	7.9	7.9	7.9	7.9	7.9	7.9	7.9	7.9	7.9
1.9	1.9	1.9	1.9	1.9	1.9	1.9	1.9	1.9	1.9
3.7	3.7	3.7	3.7	3.7	3.7	3.7	3.7	3.7	3.7
4.0	4.0	4.0	4.0	4.0	4.0	4.0	4.0	4.0	4.0
1.7	1.7	1.7	1.7	1.7	1.7	1.7	1.7	1.7	1.7
0.6	0.6	0.6	0.6	0.6	0.6	0.6	0.6	0.6	0.6
0.7	0.7	0.7	0.7	0.7	0.7	0.7	0.7	0.7	0.7
1.0	1.0	1.0	1.0	1.0	1.0	1.0	1.0	1.0	1.0
2.4	2.4	2.4	2.4	2.4	2.4	2.4	2.4	2.4	2.4
6.0	6.0	6.0	6.0	6.0	6.0	6.0	6.0	6.0	6.0
4.0	4.0	4.0	4.0	4.0	4.0	4.0	4.0	4.0	4.0
0.4	0.4	0.4	0.4	0.4	0.4	0.4	0.4	0.4	0.4
1.4	1.4	1.4	1.4	1.4	1.4	1.4	1.4	1.4	1.4
0.2	0.2	0.2	0.2	0.2	0.2	0.2	0.2	0.2	0.2
4.2	4.2	4.2	4.2	4.2	4.2	4.2	4.2	4.2	4.2
0.7	0.7	0.7	0.7	0.7	0.7	0.7	0.7	0.7	0.7
2.0	2.0	2.0	2.0	2.0	2.0	2.0	2.0	2.0	2.0
0.7	0.7	0.7	0.7	0.7	0.7	0.7	0.7	0.7	0.7
1.3	1.3	1.3	1.3	1.3	1.3	1.3	1.3	1.3	1.3
2.5	2.5	2.5	2.5	2.5	2.5	2.5	2.5	2.5	2.5
3.8	3.8	3.8	3.8	3.8	3.8	3.8	3.8	3.8	3.8
0.5	0.5	0.5	0.5	0.5	0.5	0.5	0.5	0.5	0.5
1.8	1.8	1.8	1.8	1.8	1.8	1.8	1.8	1.8	1.8
3.6	3.6	3.6	3.6	3.6	3.6	3.6	3.6	3.6	3.6
2.4	2.4	2.4	2.4	2.4	2.4	2.4	2.4	2.4	2.4
1.5	1.5	1.5	1.5	1.5	1.5	1.5	1.5	1.5	1.5
1.0	1.0	1.0	1.0	1.0	1.0	1.0	1.0	1.0	1.0
1.0	1.0	1.0	1.0	1.0	1.0	1.0	1.0	1.0	1.0
1.9	1.9	1.9	1.9	1.9	1.9	1.9	1.9	1.9	1.9
2.0	2.0	2.0	2.0	2.0	2.0	2.0	2.0	2.0	2.0
2.7	2.7	2.7	2.7	2.7	2.7	2.7	2.7	2.7	2.7
1.8	1.8	1.8	1.8	1.8	1.8	1.8	1.8	1.8	1.8
1.6	1.6	1.6	1.6	1.6	1.6	1.6	1.6	1.6	1.6
0.2	0.2	0.2	0.2	0.2	0.2	0.2	0.2	0.2	0.2
0.5	0.5	0.5	0.5	0.5	0.5	0.5	0.5	0.5	0.5
5.6	5.6	5.6	5.6	5.6	5.6	5.6	5.6	5.6	5.6
0.6	0.6	0.6	0.6	0.6	0.6	0.6	0.6	0.6	0.6
6.4	6.4	6.4	6.4	6.4	6.4	6.4	6.4	6.4	6.4
2.1	2.1	2.1	2.1	2.1	2.1	2.1	2.1	2.1	2.1
2.9	2.9	2.9	2.9	2.9	2.9	2.9	2.9	2.9	2.9
6.4	6.4	6.4	6.4	6.4	6.4	6.4	6.4	6.4	6.4
3.2	3.2	3.2	3.2	3.2	3.2	3.2	3.2	3.2	3.2
1.4	1.4	1.4	1.4	1.4	1.4	1.4	1.4	1.4	1.4
1.8	1.8	1.8	1.8	1.8	1.8	1.8	1.8	1.8	1.8
2.8	2.8	2.8	2.8	2.8	2.8	2.8	2.8	2.8	2.8
2.0	2.0	2.0	2.0	2.0	2.0	2.0	2.0	2.0	2.0
1.3	1.3	1.3	1.3	1.3	1.3	1.3	1.3	1.3	1.3
2.5	2.5	2.5	2.5	2.5	2.5	2.5	2.5	2.5	2.5
1.6	1.6	1.6	1.6	1.6	1.6	1.6	1.6	1.6	1.6
1.0	1.0	1.0	1.0	1.0	1.0	1.0	1.0	1.0	1.0
1.0	1.0	1.0	1.0	1.0	1.0	1.0	1.0	1.0	1.0
0.1	0.1	0.1	0.1	0.1	0.1	0.1	0.1	0.1	0.1
4.9	4.9	4.9	4.9	4.9	4.9	4.9	4.9	4.9	4.9
2.3	2.3	2.3	2.3	2.3	2.3	2.3	2.3	2.3	2.3
2.5	2.5	2.5	2.5	2.5	2.5	2.5	2.5	2.5	2.5
0.4	0.4	0.4	0.4	0.4	0.4	0.4	0.4	0.4	0.4
0.1	0.1	0.1	0.1	0.1	0.1	0.1	0.1	0.1	0.1
4.5	4.5	4.5	4.5	4.5	4.5	4.5	4.5	4.5	4.5
1.9	1.9	1.9	1.9	1.9	1.9	1.9	1.9	1.9	1.9
3.5	3.5	3.5	3.5	3.5	3.5	3.5	3.5	3.5	3.5
1.7	1.7	1.7	1.7	1.7	1.7	1.7	1.7	1.7	1.7
4.9	4.9	4.9	4.9	4.9	4.9	4.9	4.9	4.9	4.9
4.9	4.9	4.9	4.9	4.9	4.9	4.9	4.9	4.9	4.9
0.6	0.6	0.6	0.6	0.6	0.6	0.6	0.6	0.6	0.6
2.7	2.7	2.7	2.7	2.7	2.7	2.7	2.7	2.7	2.7
5.1	5.1	5.1	5.1	5.1	5.1	5.1	5.1	5.1	5.1
5.0	5.0	5.0	5.0	5.0	5.0	5.0	5.0	5.0	5.0
1.1	1.1	1.1	1.1	1.1	1.1	1.1	1.1	1.1	1.1
]
