N_MACHINES:10	N_JOBS:150	CHARGING_TIME:60	INITIAL_CHARGE:10
D:[
4	4	4	4	4	4	4	4	4	4
24	24	24	24	24	24	24	24	24	24
25	25	25	25	25	25	25	25	25	25
20	20	20	20	20	20	20	20	20	20
2	2	2	2	2	2	2	2	2	2
11	11	11	11	11	11	11	11	11	11
23	23	23	23	23	23	23	23	23	23
22	22	22	22	22	22	22	22	22	22
13	13	13	13	13	13	13	13	13	13
8	8	8	8	8	8	8	8	8	8
34	34	34	34	34	34	34	34	34	34
11	11	11	11	11	11	11	11	11	11
31	31	31	31	31	31	31	31	31	31
5	5	5	5	5	5	5	5	5	5
14	14	14	14	14	14	14	14	14	14
18	18	18	18	18	18	18	18	18	18
2	2	2	2	2	2	2	2	2	2
37	37	37	37	37	37	37	37	37	37
9	9	9	9	9	9	9	9	9	9
43	43	43	43	43	43	43	43	43	43
8	8	8	8	8	8	8	8	8	8
6	6	6	6	6	6	6	6	6	6
18	18	18	18	18	18	18	18	18	18
49	49	49	49	49	49	49	49	49	49
21	21	21	21	21	21	21	21	21	21
36	36	36	36	36	36	36	36	36	36
35	35	35	35	35	35	35	35	35	35
29	29	29	29	29	29	29	29	29	29
25	25	25	25	25	25	25	25	25	25
3	3	3	3	3	3	3	3	3	3
3	3	3	3	3	3	3	3	3	3
23	23	23	23	23	23	23	23	23	23
6	6	6	6	6	6	6	6	6	6
18	18	18	18	18	18	18	18	18	18
19	19	19	19	19	19	19	19	19	19
25	25	25	25	25	25	25	25	25	25
15	15	15	15	15	15	15	15	15	15
26	26	26	26	26	26	26	26	26	26
47	47	47	47	47	47	47	47	47	47
21	21	21	21	21	21	21	21	21	21
6	6	6	6	6	6	6	6	6	6
12	12	12	12	12	12	12	12	12	12
40	40	40	40	40	40	40	40	40	40
33	33	33	33	33	33	33	33	33	33
37	37	37	37	37	37	37	37	37	37
29	29	29	29	29	29	29	29	29	29
33	33	33	33	33	33	33	33	33	33
29	29	29	29	29	29	29	29	29	29
5	5	5	5	5	5	5	5	5	5
35	35	35	35	35	35	35	35	35	35
42	42	42	42	42	42	42	42	42	42
21	21	21	21	21	21	21	21	21	21
19	19	19	19	19	19	19	19	19	19
19	19	19	19	19	19	19	19	19	19
4	4	4	4	4	4	4	4	4	4
27	27	27	27	27	27	27	27	27	27
35	35	35	35	35	35	35	35	35	35
27	27	27	27	27	27	27	27	27	27
40	40	40	40	40	40	40	40	40	40
4	4	4	4	4	4	4	4	4	4
17	17	17	17	17	17	17	17	17	17
34	34	34	34	34	34	34	34	34	34
25	25	25	25	25	25	25	25	25	25
9	9	9	9	9	9	9	9	9	9
42	42	42	42	42	42	42	42	42	42
49	49	49	49	49	49	49	49	49	49
18	18	18	18	18	18	18	18	18	18
23	23	23	23	23	23	23	23	23	23
33	33	33	33	33	33	33	33	33	33
56	56	56	56	56	56	56	56	56	56
12	12	12	12	12	12	12	12	12	12
24	24	24	24	24	24	24	24	24	24
41	41	41	41	41	41	41	41	41	41
16	16	16	16	16	16	16	16	16	16
26	26	26	26	26	26	26	26	26	26
44	44	44	44	44	44	44	44	44	44
5	5	5	5	5	5	5	5	5	5
31	31	31	31	31	31	31	31	31	31
37	37	37	37	37	37	37	37	37	37
37	37	37	37	37	37	37	37	37	37
41	41	41	41	41	41	41	41	41	41
24	24	24	24	24	24	24	24	24	24
17	17	17	17	17	17	17	17	17	17
55	55	55	55	55	55	55	55	55	55
14	14	14	14	14	14	14	14	14	14
0	0	0	0	0	0	0	0	0	0
41	41	41	41	41	41	41	41	41	41
0	0	0	0	0	0	0	0	0	0
48	48	48	48	48	48	48	48	48	48
39	39	39	39	39	39	39	39	39	39
11	11	11	11	11	11	11	11	11	11
25	25	25	25	25	25	25	25	25	25
26	26	26	26	26	26	26	26	26	26
23	23	23	23	23	23	23	23	23	23
52	52	52	52	52	52	52	52	52	52
49	49	49	49	49	49	49	49	49	49
20	20	20	20	20	20	20	20	20	20
67	67	67	67	67	67	67	67	67	67
10	10	10	10	10	10	10	10	10	10
2	2	2	2	2	2	2	2	2	2
32	32	32	32	32	32	32	32	32	32
24	24	24	24	24	24	24	24	24	24
14	14	14	14	14	14	14	14	14	14
22	22	22	22	22	22	22	22	22	22
48	48	48	48	48	48	48	48	48	48
25	25	25	25	25	25	25	25	25	25
33	33	33	33	33	33	33	33	33	33
21	21	21	21	21	21	21	21	21	21
24	24	24	24	24	24	24	24	24	24
37	37	37	37	37	37	37	37	37	37
28	28	28	28	28	28	28	28	28	28
22	22	22	22	22	22	22	22	22	22
31	31	31	31	31	31	31	31	31	31
7	7	7	7	7	7	7	7	7	7
44	44	44	44	44	44	44	44	44	44
30	30	30	30	30	30	30	30	30	30
13	13	13	13	13	13	13	13	13	13
20	20	20	20	20	20	20	20	20	20
33	33	33	33	33	33	33	33	33	33
52	52	52	52	52	52	52	52	52	52
37	37	37	37	37	37	37	37	37	37
36	36	36	36	36	36	36	36	36	36
13	13	13	13	13	13	13	13	13	13
11	11	11	11	11	11	11	11	11	11
52	52	52	52	52	52	52	52	52	52
34	34	34	34	34	34	34	34	34	34
39	39	39	39	39	39	39	39	39	39
81	81	81	81	81	81	81	81	81	81
1	1	1	1	1	1	1	1	1	1
4	4	4	4	4	4	4	4	4	4
6	6	6	6	6	6	6	6	6	6
49	49	49	49	49	49	49	49	49	49
40	40	40	40	40	40	40	40	40	40
31	31	31	31	31	31	31	31	31	31
18	18	18	18	18	18	18	18	18	18
0	0	0	0	0	0	0	0	0	0
6	6	6	6	6	6	6	6	6	6
31	31	31	31	31	31	31	31	31	31
0	0	0	0	0	0	0	0	0	0
40	40	40	40	40	40	40	40	40	40
10	10	10	10	10	10	10	10	10	10
39	39	39	39	39	39	39	39	39	39
16	16	16	16	16	16	16	16	16	16
15	15	15	15	15	15	15	15	15	15
22	22	22	22	22	22	22	22	22	22
16	16	16	16	16	16	16	16	16	16
22	22	22	22	22	22	22	22	22	22
20	20	20	20	20	20	20	20	20	20
46	46	46	46	46	46	46	46	46	46
53	53	53	53	53	53	53	53	53	53
]
w:[
0.6	0.6	0.6	0.6	0.6	0.6	0.6	0.6	0.6	0.6
0.3	0.3	0.3	0.3	0.3	0.3	0.3	0.3	0.3	0.3
0.7	0.7	0.7	0.7	0.7	0.7	0.7	0.7	0.7	0.7
0.3	0.3	0.3	0.3	0.3	0.3	0.3	0.3	0.3	0.3
0.3	0.3	0.3	0.3	0.3	0.3	0.3	0.3	0.3	0.3
2.9	2.9	2.9	2.9	2.9	2.9	2.9	2.9	2.9	2.9
0.9	0.9	0.9	0.9	0.9	0.9	0.9	0.9	0.9	0.9
1.3	1.3	1.3	1.3	1.3	1.3	1.3	1.3	1.3	1.3
0.6	0.6	0.6	0.6	0.6	0.6	0.6	0.6	0.6	0.6
0.9	0.9	0.9	0.9	0.9	0.9	0.9	0.9	0.9	0.9
0.1	0.1	0.1	0.1	0.1	0.1	0.1	0.1	0.1	0.1
3.0	3.0	3.0	3.0	3.0	3.0	3.0	3.0	3.0	3.0
0.7	0.7	0.7	0.7	0.7	0.7	0.7	0.7	0.7	0.7
2.2	2.2	2.2	2.2	2.2	2.2	2.2	2.2	2.2	2.2
3.0	3.0	3.0	3.0	3.0	3.0	3.0	3.0	3.0	3.0
1.5	1.5	1.5	1.5	1.5	1.5	1.5	1.5	1.5	1.5
0.8	0.8	0.8	0.8	0.8	0.8	0.8	0.8	0.8	0.8
1.1	1.1	1.1	1.1	1.1	1.1	1.1	1.1	1.1	1.1
0.5	0.5	0.5	0.5	0.5	0.5	0.5	0.5	0.5	0.5
1.0	1.0	1.0	1.0	1.0	1.0	1.0	1.0	1.0	1.0
1.2	1.2	1.2	1.2	1.2	1.2	1.2	1.2	1.2	1.2
1.6	1.6	1.6	1.6	1.6	1.6	1.6	1.6	1.6	1.6
1.6	1.6	1.6	1.6	1.6	1.6	1.6	1.6	1.6	1.6
0.5	0.5	0.5	0.5	0.5	0.5	0.5	0.5	0.5	0.5
0.9	0.9	0.9	0.9	0.9	0.9	0.9	0.9	0.9	0.9
0.8	0.8	0.8	0.8	0.8	0.8	0.8	0.8	0.8	0.8
1.1	1.1	1.1	1.1	1.1	1.1	1.1	1.1	1.1	1.1
3.1	3.1	3.1	3.1	3.1	3.1	3.1	3.1	3.1	3.1
1.2	1.2	1.2	1.2	1.2	1.2	1.2	1.2	1.2	1.2
1.5	1.5	1.5	1.5	1.5	1.5	1.5	1.5	1.5	1.5
2.2	2.2	2.2	2.2	2.2	2.2	2.2	2.2	2.2	2.2
1.1	1.1	1.1	1.1	1.1	1.1	1.1	1.1	1.1	1.1
0.1	0.1	0.1	0.1	0.1	0.1	0.1	0.1	0.1	0.1
3.0	3.0	3.0	3.0	3.0	3.0	3.0	3.0	3.0	3.0
0.9	0.9	0.9	0.9	0.9	0.9	0.9	0.9	0.9	0.9
0.1	0.1	0.1	0.1	0.1	0.1	0.1	0.1	0.1	0.1
0.7	0.7	0.7	0.7	0.7	0.7	0.7	0.7	0.7	0.7
1.8	1.8	1.8	1.8	1.8	1.8	1.8	1.8	1.8	1.8
1.6	1.6	1.6	1.6	1.6	1.6	1.6	1.6	1.6	1.6
1.8	1.8	1.8	1.8	1.8	1.8	1.8	1.8	1.8	1.8
1.3	1.3	1.3	1.3	1.3	1.3	1.3	1.3	1.3	1.3
0.9	0.9	0.9	0.9	0.9	0.9	0.9	0.9	0.9	0.9
2.6	2.6	2.6	2.6	2.6	2.6	2.6	2.6	2.6	2.6
1.2	1.2	1.2	1.2	1.2	1.2	1.2	1.2	1.2	1.2
1.8	1.8	1.8	1.8	1.8	1.8	1.8	1.8	1.8	1.8
0.9	0.9	0.9	0.9	0.9	0.9	0.9	0.9	0.9	0.9
3.1	3.1	3.1	3.1	3.1	3.1	3.1	3.1	3.1	3.1
1.0	1.0	1.0	1.0	1.0	1.0	1.0	1.0	1.0	1.0
1.9	1.9	1.9	1.9	1.9	1.9	1.9	1.9	1.9	1.9
0.5	0.5	0.5	0.5	0.5	0.5	0.5	0.5	0.5	0.5
0.7	0.7	0.7	0.7	0.7	0.7	0.7	0.7	0.7	0.7
3.3	3.3	3.3	3.3	3.3	3.3	3.3	3.3	3.3	3.3
1.0	1.0	1.0	1.0	1.0	1.0	1.0	1.0	1.0	1.0
1.5	1.5	1.5	1.5	1.5	1.5	1.5	1.5	1.5	1.5
1.1	1.1	1.1	1.1	1.1	1.1	1.1	1.1	1.1	1.1
1.5	1.5	1.5	1.5	1.5	1.5	1.5	1.5	1.5	1.5
0.3	0.3	0.3	0.3	0.3	0.3	0.3	0.3	0.3	0.3
0.1	0.1	0.1	0.1	0.1	0.1	0.1	0.1	0.1	0.1
2.4	2.4	2.4	2.4	2.4	2.4	2.4	2.4	2.4	2.4
1.8	1.8	1.8	1.8	1.8	1.8	1.8	1.8	1.8	1.8
0.1	0.1	0.1	0.1	0.1	0.1	0.1	0.1	0.1	0.1
1.6	1.6	1.6	1.6	1.6	1.6	1.6	1.6	1.6	1.6
1.7	1.7	1.7	1.7	1.7	1.7	1.7	1.7	1.7	1.7
2.0	2.0	2.0	2.0	2.0	2.0	2.0	2.0	2.0	2.0
1.1	1.1	1.1	1.1	1.1	1.1	1.1	1.1	1.1	1.1
3.2	3.2	3.2	3.2	3.2	3.2	3.2	3.2	3.2	3.2
2.9	2.9	2.9	2.9	2.9	2.9	2.9	2.9	2.9	2.9
0.6	0.6	0.6	0.6	0.6	0.6	0.6	0.6	0.6	0.6
1.5	1.5	1.5	1.5	1.5	1.5	1.5	1.5	1.5	1.5
1.0	1.0	1.0	1.0	1.0	1.0	1.0	1.0	1.0	1.0
0.6	0.6	0.6	0.6	0.6	0.6	0.6	0.6	0.6	0.6
2.0	2.0	2.0	2.0	2.0	2.0	2.0	2.0	2.0	2.0
0.7	0.7	0.7	0.7	0.7	0.7	0.7	0.7	0.7	0.7
2.4	2.4	2.4	2.4	2.4	2.4	2.4	2.4	2.4	2.4
2.1	2.1	2.1	2.1	2.1	2.1	2.1	2.1	2.1	2.1
1.7	1.7	1.7	1.7	1.7	1.7	1.7	1.7	1.7	1.7
0.8	0.8	0.8	0.8	0.8	0.8	0.8	0.8	0.8	0.8
0.5	0.5	0.5	0.5	0.5	0.5	0.5	0.5	0.5	0.5
0.2	0.2	0.2	0.2	0.2	0.2	0.2	0.2	0.2	0.2
1.0	1.0	1.0	1.0	1.0	1.0	1.0	1.0	1.0	1.0
3.9	3.9	3.9	3.9	3.9	3.9	3.9	3.9	3.9	3.9
0.8	0.8	0.8	0.8	0.8	0.8	0.8	0.8	0.8	0.8
1.8	1.8	1.8	1.8	1.8	1.8	1.8	1.8	1.8	1.8
3.0	3.0	3.0	3.0	3.0	3.0	3.0	3.0	3.0	3.0
0.2	0.2	0.2	0.2	0.2	0.2	0.2	0.2	0.2	0.2
0.4	0.4	0.4	0.4	0.4	0.4	0.4	0.4	0.4	0.4
0.3	0.3	0.3	0.3	0.3	0.3	0.3	0.3	0.3	0.3
0.7	0.7	0.7	0.7	0.7	0.7	0.7	0.7	0.7	0.7
0.8	0.8	0.8	0.8	0.8	0.8	0.8	0.8	0.8	0.8
0.9	0.9	0.9	0.9	0.9	0.9	0.9	0.9	0.9	0.9
1.4	1.4	1.4	1.4	1.4	1.4	1.4	1.4	1.4	1.4
0.2	0.2	0.2	0.2	0.2	0.2	0.2	0.2	0.2	0.2
2.2	2.2	2.2	2.2	2.2	2.2	2.2	2.2	2.2	2.2
1.3	1.3	1.3	1.3	1.3	1.3	1.3	1.3	1.3	1.3
0.9	0.9	0.9	0.9	0.9	0.9	0.9	0.9	0.9	0.9
0.3	0.3	0.3	0.3	0.3	0.3	0.3	0.3	0.3	0.3
1.2	1.2	1.2	1.2	1.2	1.2	1.2	1.2	1.2	1.2
1.2	1.2	1.2	1.2	1.2	1.2	1.2	1.2	1.2	1.2
0.7	0.7	0.7	0.7	0.7	0.7	0.7	0.7	0.7	0.7
3.0	3.0	3.0	3.0	3.0	3.0	3.0	3.0	3.0	3.0
1.4	1.4	1.4	1.4	1.4	1.4	1.4	1.4	1.4	1.4
0.1	0.1	0.1	0.1	0.1	0.1	0.1	0.1	0.1	0.1
1.4	1.4	1.4	1.4	1.4	1.4	1.4	1.4	1.4	1.4
3.0	3.0	3.0	3.0	3.0	3.0	3.0	3.0	3.0	3.0
1.0	1.0	1.0	1.0	1.0	1.0	1.0	1.0	1.0	1.0
2.3	2.3	2.3	2.3	2.3	2.3	2.3	2.3	2.3	2.3
0.4	0.4	0.4	0.4	0.4	0.4	0.4	0.4	0.4	0.4
1.4	1.4	1.4	1.4	1.4	1.4	1.4	1.4	1.4	1.4
1.4	1.4	1.4	1.4	1.4	1.4	1.4	1.4	1.4	1.4
1.2	1.2	1.2	1.2	1.2	1.2	1.2	1.2	1.2	1.2
0.2	0.2	0.2	0.2	0.2	0.2	0.2	0.2	0.2	0.2
2.0	2.0	2.0	2.0	2.0	2.0	2.0	2.0	2.0	2.0
0.8	0.8	0.8	0.8	0.8	0.8	0.8	0.8	0.8	0.8
1.1	1.1	1.1	1.1	1.1	1.1	1.1	1.1	1.1	1.1
0.6	0.6	0.6	0.6	0.6	0.6	0.6	0.6	0.6	0.6
1.8	1.8	1.8	1.8	1.8	1.8	1.8	1.8	1.8	1.8
1.9	1.9	1.9	1.9	1.9	1.9	1.9	1.9	1.9	1.9
0.5	0.5	0.5	0.5	0.5	0.5	0.5	0.5	0.5	0.5
0.6	0.6	0.6	0.6	0.6	0.6	0.6	0.6	0.6	0.6
1.5	1.5	1.5	1.5	1.5	1.5	1.5	1.5	1.5	1.5
1.3	1.3	1.3	1.3	1.3	1.3	1.3	1.3	1.3	1.3
1.4	1.4	1.4	1.4	1.4	1.4	1.4	1.4	1.4	1.4
2.0	2.0	2.0	2.0	2.0	2.0	2.0	2.0	2.0	2.0
0.7	0.7	0.7	0.7	0.7	0.7	0.7	0.7	0.7	0.7
3.4	3.4	3.4	3.4	3.4	3.4	3.4	3.4	3.4	3.4
0.8	0.8	0.8	0.8	0.8	0.8	0.8	0.8	0.8	0.8
0.6	0.6	0.6	0.6	0.6	0.6	0.6	0.6	0.6	0.6
1.5	1.5	1.5	1.5	1.5	1.5	1.5	1.5	1.5	1.5
2.1	2.1	2.1	2.1	2.1	2.1	2.1	2.1	2.1	2.1
3.1	3.1	3.1	3.1	3.1	3.1	3.1	3.1	3.1	3.1
0.1	0.1	0.1	0.1	0.1	0.1	0.1	0.1	0.1	0.1
1.3	1.3	1.3	1.3	1.3	1.3	1.3	1.3	1.3	1.3
0.8	0.8	0.8	0.8	0.8	0.8	0.8	0.8	0.8	0.8
0.2	0.2	0.2	0.2	0.2	0.2	0.2	0.2	0.2	0.2
2.5	2.5	2.5	2.5	2.5	2.5	2.5	2.5	2.5	2.5
0.2	0.2	0.2	0.2	0.2	0.2	0.2	0.2	0.2	0.2
2.3	2.3	2.3	2.3	2.3	2.3	2.3	2.3	2.3	2.3
0.4	0.4	0.4	0.4	0.4	0.4	0.4	0.4	0.4	0.4
0.6	0.6	0.6	0.6	0.6	0.6	0.6	0.6	0.6	0.6
1.2	1.2	1.2	1.2	1.2	1.2	1.2	1.2	1.2	1.2
1.3	1.3	1.3	1.3	1.3	1.3	1.3	1.3	1.3	1.3
0.5	0.5	0.5	0.5	0.5	0.5	0.5	0.5	0.5	0.5
0.7	0.7	0.7	0.7	0.7	0.7	0.7	0.7	0.7	0.7
1.2	1.2	1.2	1.2	1.2	1.2	1.2	1.2	1.2	1.2
1.3	1.3	1.3	1.3	1.3	1.3	1.3	1.3	1.3	1.3
0.5	0.5	0.5	0.5	0.5	0.5	0.5	0.5	0.5	0.5
1.1	1.1	1.1	1.1	1.1	1.1	1.1	1.1	1.1	1.1
2.4	2.4	2.4	2.4	2.4	2.4	2.4	2.4	2.4	2.4
2.4	2.4	2.4	2.4	2.4	2.4	2.4	2.4	2.4	2.4
2.1	2.1	2.1	2.1	2.1	2.1	2.1	2.1	2.1	2.1
]
