N_MACHINES:5	N_JOBS:200	CHARGING_TIME:60	INITIAL_CHARGE:10
D:[
25	25	25	25	25
8	8	8	8	8
42	42	42	42	42
11	11	11	11	11
26	26	26	26	26
17	17	17	17	17
98	98	98	98	98
35	35	35	35	35
22	22	22	22	22
71	71	71	71	71
2	2	2	2	2
47	47	47	47	47
48	48	48	48	48
70	70	70	70	70
6	6	6	6	6
51	51	51	51	51
22	22	22	22	22
42	42	42	42	42
37	37	37	37	37
33	33	33	33	33
38	38	38	38	38
63	63	63	63	63
28	28	28	28	28
15	15	15	15	15
10	10	10	10	10
40	40	40	40	40
3	3	3	3	3
17	17	17	17	17
63	63	63	63	63
79	79	79	79	79
23	23	23	23	23
66	66	66	66	66
33	33	33	33	33
54	54	54	54	54
30	30	30	30	30
67	67	67	67	67
78	78	78	78	78
18	18	18	18	18
0	0	0	0	0
48	48	48	48	48
66	66	66	66	66
17	17	17	17	17
0	0	0	0	0
38	38	38	38	38
60	60	60	60	60
40	40	40	40	40
34	34	34	34	34
51	51	51	51	51
14	14	14	14	14
13	13	13	13	13
18	18	18	18	18
51	51	51	51	51
26	26	26	26	26
32	32	32	32	32
50	50	50	50	50
45	45	45	45	45
54	54	54	54	54
16	16	16	16	16
9	9	9	9	9
47	47	47	47	47
16	16	16	16	16
9	9	9	9	9
34	34	34	34	34
48	48	48	48	48
15	15	15	15	15
58	58	58	58	58
9	9	9	9	9
47	47	47	47	47
93	93	93	93	93
81	81	81	81	81
19	19	19	19	19
16	16	16	16	16
16	16	16	16	16
79	79	79	79	79
17	17	17	17	17
55	55	55	55	55
63	63	63	63	63
43	43	43	43	43
39	39	39	39	39
37	37	37	37	37
77	77	77	77	77
29	29	29	29	29
9	9	9	9	9
57	57	57	57	57
16	16	16	16	16
5	5	5	5	5
73	73	73	73	73
2	2	2	2	2
60	60	60	60	60
16	16	16	16	16
46	46	46	46	46
46	46	46	46	46
86	86	86	86	86
26	26	26	26	26
10	10	10	10	10
98	98	98	98	98
28	28	28	28	28
17	17	17	17	17
14	14	14	14	14
67	67	67	67	67
14	14	14	14	14
50	50	50	50	50
47	47	47	47	47
9	9	9	9	9
23	23	23	23	23
69	69	69	69	69
63	63	63	63	63
30	30	30	30	30
53	53	53	53	53
55	55	55	55	55
30	30	30	30	30
53	53	53	53	53
71	71	71	71	71
39	39	39	39	39
7	7	7	7	7
52	52	52	52	52
2	2	2	2	2
25	25	25	25	25
14	14	14	14	14
18	18	18	18	18
47	47	47	47	47
15	15	15	15	15
36	36	36	36	36
8	8	8	8	8
26	26	26	26	26
7	7	7	7	7
60	60	60	60	60
28	28	28	28	28
44	44	44	44	44
60	60	60	60	60
18	18	18	18	18
30	30	30	30	30
70	70	70	70	70
44	44	44	44	44
30	30	30	30	30
18	18	18	18	18
24	24	24	24	24
42	42	42	42	42
104	104	104	104	104
41	41	41	41	41
21	21	21	21	21
26	26	26	26	26
54	54	54	54	54
54	54	54	54	54
59	59	59	59	59
4	4	4	4	4
29	29	29	29	29
34	34	34	34	34
100	100	100	100	100
72	72	72	72	72
37	37	37	37	37
27	27	27	27	27
60	60	60	60	60
61	61	61	61	61
55	55	55	55	55
12	12	12	12	12
34	34	34	34	34
8	8	8	8	8
18	18	18	18	18
18	18	18	18	18
37	37	37	37	37
43	43	43	43	43
31	31	31	31	31
23	23	23	23	23
85	85	85	85	85
16	16	16	16	16
15	15	15	15	15
28	28	28	28	28
72	72	72	72	72
2	2	2	2	2
24	24	24	24	24
19	19	19	19	19
40	40	40	40	40
75	75	75	75	75
22	22	22	22	22
70	70	70	70	70
60	60	60	60	60
49	49	49	49	49
64	64	64	64	64
31	31	31	31	31
55	55	55	55	55
69	69	69	69	69
29	29	29	29	29
15	15	15	15	15
36	36	36	36	36
38	38	38	38	38
32	32	32	32	32
33	33	33	33	33
13	13	13	13	13
80	80	80	80	80
39	39	39	39	39
32	32	32	32	32
5	5	5	5	5
17	17	17	17	17
40	40	40	40	40
15	15	15	15	15
45	45	45	45	45
13	13	13	13	13
0	0	0	0	0
4	4	4	4	4
]
w:[
1.8	1.8	1.8	1.8	1.8
0.8	0.8	0.8	0.8	0.8
2.8	2.8	2.8	2.8	2.8
1.0	1.0	1.0	1.0	1.0
0.5	0.5	0.5	0.5	0.5
0.8	0.8	0.8	0.8	0.8
2.6	2.6	2.6	2.6	2.6
1.4	1.4	1.4	1.4	1.4
1.1	1.1	1.1	1.1	1.1
0.3	0.3	0.3	0.3	0.3
0.9	0.9	0.9	0.9	0.9
1.4	1.4	1.4	1.4	1.4
0.2	0.2	0.2	0.2	0.2
1.0	1.0	1.0	1.0	1.0
0.1	0.1	0.1	0.1	0.1
0.4	0.4	0.4	0.4	0.4
2.3	2.3	2.3	2.3	2.3
0.8	0.8	0.8	0.8	0.8
0.9	0.9	0.9	0.9	0.9
2.1	2.1	2.1	2.1	2.1
1.9	1.9	1.9	1.9	1.9
0.7	0.7	0.7	0.7	0.7
0.6	0.6	0.6	0.6	0.6
2.0	2.0	2.0	2.0	2.0
1.8	1.8	1.8	1.8	1.8
1.0	1.0	1.0	1.0	1.0
0.5	0.5	0.5	0.5	0.5
2.2	2.2	2.2	2.2	2.2
2.3	2.3	2.3	2.3	2.3
0.4	0.4	0.4	0.4	0.4
1.6	1.6	1.6	1.6	1.6
1.3	1.3	1.3	1.3	1.3
1.3	1.3	1.3	1.3	1.3
0.8	0.8	0.8	0.8	0.8
0.4	0.4	0.4	0.4	0.4
4.4	4.4	4.4	4.4	4.4
0.1	0.1	0.1	0.1	0.1
1.7	1.7	1.7	1.7	1.7
0.5	0.5	0.5	0.5	0.5
0.4	0.4	0.4	0.4	0.4
1.2	1.2	1.2	1.2	1.2
1.0	1.0	1.0	1.0	1.0
2.5	2.5	2.5	2.5	2.5
0.4	0.4	0.4	0.4	0.4
3.4	3.4	3.4	3.4	3.4
0.3	0.3	0.3	0.3	0.3
1.6	1.6	1.6	1.6	1.6
2.7	2.7	2.7	2.7	2.7
0.7	0.7	0.7	0.7	0.7
1.5	1.5	1.5	1.5	1.5
1.7	1.7	1.7	1.7	1.7
1.0	1.0	1.0	1.0	1.0
2.3	2.3	2.3	2.3	2.3
1.7	1.7	1.7	1.7	1.7
0.7	0.7	0.7	0.7	0.7
1.1	1.1	1.1	1.1	1.1
0.2	0.2	0.2	0.2	0.2
3.7	3.7	3.7	3.7	3.7
2.1	2.1	2.1	2.1	2.1
1.3	1.3	1.3	1.3	1.3
3.9	3.9	3.9	3.9	3.9
0.2	0.2	0.2	0.2	0.2
2.6	2.6	2.6	2.6	2.6
2.8	2.8	2.8	2.8	2.8
0.4	0.4	0.4	0.4	0.4
1.1	1.1	1.1	1.1	1.1
1.6	1.6	1.6	1.6	1.6
0.3	0.3	0.3	0.3	0.3
0.8	0.8	0.8	0.8	0.8
0.6	0.6	0.6	0.6	0.6
2.4	2.4	2.4	2.4	2.4
1.4	1.4	1.4	1.4	1.4
1.2	1.2	1.2	1.2	1.2
1.7	1.7	1.7	1.7	1.7
1.3	1.3	1.3	1.3	1.3
0.3	0.3	0.3	0.3	0.3
2.1	2.1	2.1	2.1	2.1
0.3	0.3	0.3	0.3	0.3
0.3	0.3	0.3	0.3	0.3
1.2	1.2	1.2	1.2	1.2
0.2	0.2	0.2	0.2	0.2
1.6	1.6	1.6	1.6	1.6
0.1	0.1	0.1	0.1	0.1
0.1	0.1	0.1	0.1	0.1
0.7	0.7	0.7	0.7	0.7
0.8	0.8	0.8	0.8	0.8
1.4	1.4	1.4	1.4	1.4
1.1	1.1	1.1	1.1	1.1
1.7	1.7	1.7	1.7	1.7
2.2	2.2	2.2	2.2	2.2
0.5	0.5	0.5	0.5	0.5
2.3	2.3	2.3	2.3	2.3
0.5	0.5	0.5	0.5	0.5
1.8	1.8	1.8	1.8	1.8
1.6	1.6	1.6	1.6	1.6
1.2	1.2	1.2	1.2	1.2
0.5	0.5	0.5	0.5	0.5
3.0	3.0	3.0	3.0	3.0
1.5	1.5	1.5	1.5	1.5
1.0	1.0	1.0	1.0	1.0
0.9	0.9	0.9	0.9	0.9
0.1	0.1	0.1	0.1	0.1
0.3	0.3	0.3	0.3	0.3
1.4	1.4	1.4	1.4	1.4
1.8	1.8	1.8	1.8	1.8
2.1	2.1	2.1	2.1	2.1
1.9	1.9	1.9	1.9	1.9
1.4	1.4	1.4	1.4	1.4
0.3	0.3	0.3	0.3	0.3
1.7	1.7	1.7	1.7	1.7
0.5	0.5	0.5	0.5	0.5
1.3	1.3	1.3	1.3	1.3
4.1	4.1	4.1	4.1	4.1
1.5	1.5	1.5	1.5	1.5
1.9	1.9	1.9	1.9	1.9
1.6	1.6	1.6	1.6	1.6
0.2	0.2	0.2	0.2	0.2
0.7	0.7	0.7	0.7	0.7
1.9	1.9	1.9	1.9	1.9
1.3	1.3	1.3	1.3	1.3
1.5	1.5	1.5	1.5	1.5
1.6	1.6	1.6	1.6	1.6
0.4	0.4	0.4	0.4	0.4
2.4	2.4	2.4	2.4	2.4
1.1	1.1	1.1	1.1	1.1
1.0	1.0	1.0	1.0	1.0
2.0	2.0	2.0	2.0	2.0
1.1	1.1	1.1	1.1	1.1
0.6	0.6	0.6	0.6	0.6
1.1	1.1	1.1	1.1	1.1
1.3	1.3	1.3	1.3	1.3
0.6	0.6	0.6	0.6	0.6
2.4	2.4	2.4	2.4	2.4
2.3	2.3	2.3	2.3	2.3
1.3	1.3	1.3	1.3	1.3
1.5	1.5	1.5	1.5	1.5
3.0	3.0	3.0	3.0	3.0
1.0	1.0	1.0	1.0	1.0
0.6	0.6	0.6	0.6	0.6
0.8	0.8	0.8	0.8	0.8
2.1	2.1	2.1	2.1	2.1
1.0	1.0	1.0	1.0	1.0
0.5	0.5	0.5	0.5	0.5
0.8	0.8	0.8	0.8	0.8
1.5	1.5	1.5	1.5	1.5
1.9	1.9	1.9	1.9	1.9
0.4	0.4	0.4	0.4	0.4
1.1	1.1	1.1	1.1	1.1
2.3	2.3	2.3	2.3	2.3
1.2	1.2	1.2	1.2	1.2
0.5	0.5	0.5	0.5	0.5
0.5	0.5	0.5	0.5	0.5
1.8	1.8	1.8	1.8	1.8
0.6	0.6	0.6	0.6	0.6
1.7	1.7	1.7	1.7	1.7
1.3	1.3	1.3	1.3	1.3
0.4	0.4	0.4	0.4	0.4
0.5	0.5	0.5	0.5	0.5
0.7	0.7	0.7	0.7	0.7
1.5	1.5	1.5	1.5	1.5
0.9	0.9	0.9	0.9	0.9
1.3	1.3	1.3	1.3	1.3
1.8	1.8	1.8	1.8	1.8
1.2	1.2	1.2	1.2	1.2
1.4	1.4	1.4	1.4	1.4
0.8	0.8	0.8	0.8	0.8
0.4	0.4	0.4	0.4	0.4
1.9	1.9	1.9	1.9	1.9
1.9	1.9	1.9	1.9	1.9
1.5	1.5	1.5	1.5	1.5
1.7	1.7	1.7	1.7	1.7
1.4	1.4	1.4	1.4	1.4
1.1	1.1	1.1	1.1	1.1
0.9	0.9	0.9	0.9	0.9
2.0	2.0	2.0	2.0	2.0
2.5	2.5	2.5	2.5	2.5
2.2	2.2	2.2	2.2	2.2
0.3	0.3	0.3	0.3	0.3
0.9	0.9	0.9	0.9	0.9
0.1	0.1	0.1	0.1	0.1
2.3	2.3	2.3	2.3	2.3
1.1	1.1	1.1	1.1	1.1
0.7	0.7	0.7	0.7	0.7
2.7	2.7	2.7	2.7	2.7
1.4	1.4	1.4	1.4	1.4
1.7	1.7	1.7	1.7	1.7
2.2	2.2	2.2	2.2	2.2
1.8	1.8	1.8	1.8	1.8
1.9	1.9	1.9	1.9	1.9
2.6	2.6	2.6	2.6	2.6
1.3	1.3	1.3	1.3	1.3
1.5	1.5	1.5	1.5	1.5
1.3	1.3	1.3	1.3	1.3
0.7	0.7	0.7	0.7	0.7
1.2	1.2	1.2	1.2	1.2
0.5	0.5	0.5	0.5	0.5
1.3	1.3	1.3	1.3	1.3
1.4	1.4	1.4	1.4	1.4
2.5	2.5	2.5	2.5	2.5
1.3	1.3	1.3	1.3	1.3
]
