N_MACHINES:10	N_JOBS:150	CHARGING_TIME:60	INITIAL_CHARGE:10
D:[
45	45	45	45	45	45	45	45	45	45
42	42	42	42	42	42	42	42	42	42
16	16	16	16	16	16	16	16	16	16
46	46	46	46	46	46	46	46	46	46
7	7	7	7	7	7	7	7	7	7
16	16	16	16	16	16	16	16	16	16
28	28	28	28	28	28	28	28	28	28
31	31	31	31	31	31	31	31	31	31
33	33	33	33	33	33	33	33	33	33
8	8	8	8	8	8	8	8	8	8
35	35	35	35	35	35	35	35	35	35
15	15	15	15	15	15	15	15	15	15
25	25	25	25	25	25	25	25	25	25
33	33	33	33	33	33	33	33	33	33
27	27	27	27	27	27	27	27	27	27
29	29	29	29	29	29	29	29	29	29
31	31	31	31	31	31	31	31	31	31
15	15	15	15	15	15	15	15	15	15
22	22	22	22	22	22	22	22	22	22
21	21	21	21	21	21	21	21	21	21
29	29	29	29	29	29	29	29	29	29
28	28	28	28	28	28	28	28	28	28
19	19	19	19	19	19	19	19	19	19
36	36	36	36	36	36	36	36	36	36
48	48	48	48	48	48	48	48	48	48
33	33	33	33	33	33	33	33	33	33
40	40	40	40	40	40	40	40	40	40
41	41	41	41	41	41	41	41	41	41
35	35	35	35	35	35	35	35	35	35
30	30	30	30	30	30	30	30	30	30
40	40	40	40	40	40	40	40	40	40
36	36	36	36	36	36	36	36	36	36
31	31	31	31	31	31	31	31	31	31
23	23	23	23	23	23	23	23	23	23
35	35	35	35	35	35	35	35	35	35
74	74	74	74	74	74	74	74	74	74
33	33	33	33	33	33	33	33	33	33
23	23	23	23	23	23	23	23	23	23
7	7	7	7	7	7	7	7	7	7
24	24	24	24	24	24	24	24	24	24
32	32	32	32	32	32	32	32	32	32
7	7	7	7	7	7	7	7	7	7
9	9	9	9	9	9	9	9	9	9
30	30	30	30	30	30	30	30	30	30
13	13	13	13	13	13	13	13	13	13
43	43	43	43	43	43	43	43	43	43
41	41	41	41	41	41	41	41	41	41
33	33	33	33	33	33	33	33	33	33
41	41	41	41	41	41	41	41	41	41
18	18	18	18	18	18	18	18	18	18
32	32	32	32	32	32	32	32	32	32
30	30	30	30	30	30	30	30	30	30
28	28	28	28	28	28	28	28	28	28
25	25	25	25	25	25	25	25	25	25
12	12	12	12	12	12	12	12	12	12
46	46	46	46	46	46	46	46	46	46
44	44	44	44	44	44	44	44	44	44
23	23	23	23	23	23	23	23	23	23
14	14	14	14	14	14	14	14	14	14
7	7	7	7	7	7	7	7	7	7
55	55	55	55	55	55	55	55	55	55
36	36	36	36	36	36	36	36	36	36
47	47	47	47	47	47	47	47	47	47
26	26	26	26	26	26	26	26	26	26
24	24	24	24	24	24	24	24	24	24
81	81	81	81	81	81	81	81	81	81
22	22	22	22	22	22	22	22	22	22
7	7	7	7	7	7	7	7	7	7
32	32	32	32	32	32	32	32	32	32
15	15	15	15	15	15	15	15	15	15
23	23	23	23	23	23	23	23	23	23
37	37	37	37	37	37	37	37	37	37
15	15	15	15	15	15	15	15	15	15
36	36	36	36	36	36	36	36	36	36
10	10	10	10	10	10	10	10	10	10
0	0	0	0	0	0	0	0	0	0
26	26	26	26	26	26	26	26	26	26
24	24	24	24	24	24	24	24	24	24
39	39	39	39	39	39	39	39	39	39
48	48	48	48	48	48	48	48	48	48
49	49	49	49	49	49	49	49	49	49
23	23	23	23	23	23	23	23	23	23
25	25	25	25	25	25	25	25	25	25
35	35	35	35	35	35	35	35	35	35
41	41	41	41	41	41	41	41	41	41
49	49	49	49	49	49	49	49	49	49
18	18	18	18	18	18	18	18	18	18
54	54	54	54	54	54	54	54	54	54
22	22	22	22	22	22	22	22	22	22
29	29	29	29	29	29	29	29	29	29
19	19	19	19	19	19	19	19	19	19
12	12	12	12	12	12	12	12	12	12
21	21	21	21	21	21	21	21	21	21
23	23	23	23	23	23	23	23	23	23
22	22	22	22	22	22	22	22	22	22
63	63	63	63	63	63	63	63	63	63
23	23	23	23	23	23	23	23	23	23
18	18	18	18	18	18	18	18	18	18
12	12	12	12	12	12	12	12	12	12
39	39	39	39	39	39	39	39	39	39
24	24	24	24	24	24	24	24	24	24
19	19	19	19	19	19	19	19	19	19
3	3	3	3	3	3	3	3	3	3
35	35	35	35	35	35	35	35	35	35
50	50	50	50	50	50	50	50	50	50
39	39	39	39	39	39	39	39	39	39
43	43	43	43	43	43	43	43	43	43
41	41	41	41	41	41	41	41	41	41
34	34	34	34	34	34	34	34	34	34
40	40	40	40	40	40	40	40	40	40
33	33	33	33	33	33	33	33	33	33
20	20	20	20	20	20	20	20	20	20
24	24	24	24	24	24	24	24	24	24
29	29	29	29	29	29	29	29	29	29
47	47	47	47	47	47	47	47	47	47
18	18	18	18	18	18	18	18	18	18
28	28	28	28	28	28	28	28	28	28
23	23	23	23	23	23	23	23	23	23
46	46	46	46	46	46	46	46	46	46
7	7	7	7	7	7	7	7	7	7
48	48	48	48	48	48	48	48	48	48
18	18	18	18	18	18	18	18	18	18
16	16	16	16	16	16	16	16	16	16
21	21	21	21	21	21	21	21	21	21
47	47	47	47	47	47	47	47	47	47
43	43	43	43	43	43	43	43	43	43
29	29	29	29	29	29	29	29	29	29
45	45	45	45	45	45	45	45	45	45
59	59	59	59	59	59	59	59	59	59
29	29	29	29	29	29	29	29	29	29
19	19	19	19	19	19	19	19	19	19
40	40	40	40	40	40	40	40	40	40
29	29	29	29	29	29	29	29	29	29
40	40	40	40	40	40	40	40	40	40
23	23	23	23	23	23	23	23	23	23
2	2	2	2	2	2	2	2	2	2
43	43	43	43	43	43	43	43	43	43
32	32	32	32	32	32	32	32	32	32
29	29	29	29	29	29	29	29	29	29
17	17	17	17	17	17	17	17	17	17
17	17	17	17	17	17	17	17	17	17
47	47	47	47	47	47	47	47	47	47
48	48	48	48	48	48	48	48	48	48
19	19	19	19	19	19	19	19	19	19
32	32	32	32	32	32	32	32	32	32
42	42	42	42	42	42	42	42	42	42
16	16	16	16	16	16	16	16	16	16
17	17	17	17	17	17	17	17	17	17
0	0	0	0	0	0	0	0	0	0
40	40	40	40	40	40	40	40	40	40
]
w:[
2.0	2.0	2.0	2.0	2.0	2.0	2.0	2.0	2.0	2.0
1.2	1.2	1.2	1.2	1.2	1.2	1.2	1.2	1.2	1.2
1.4	1.4	1.4	1.4	1.4	1.4	1.4	1.4	1.4	1.4
0.7	0.7	0.7	0.7	0.7	0.7	0.7	0.7	0.7	0.7
0.9	0.9	0.9	0.9	0.9	0.9	0.9	0.9	0.9	0.9
0.8	0.8	0.8	0.8	0.8	0.8	0.8	0.8	0.8	0.8
1.7	1.7	1.7	1.7	1.7	1.7	1.7	1.7	1.7	1.7
0.8	0.8	0.8	0.8	0.8	0.8	0.8	0.8	0.8	0.8
1.7	1.7	1.7	1.7	1.7	1.7	1.7	1.7	1.7	1.7
1.0	1.0	1.0	1.0	1.0	1.0	1.0	1.0	1.0	1.0
1.8	1.8	1.8	1.8	1.8	1.8	1.8	1.8	1.8	1.8
0.9	0.9	0.9	0.9	0.9	0.9	0.9	0.9	0.9	0.9
1.8	1.8	1.8	1.8	1.8	1.8	1.8	1.8	1.8	1.8
1.5	1.5	1.5	1.5	1.5	1.5	1.5	1.5	1.5	1.5
1.0	1.0	1.0	1.0	1.0	1.0	1.0	1.0	1.0	1.0
1.4	1.4	1.4	1.4	1.4	1.4	1.4	1.4	1.4	1.4
1.1	1.1	1.1	1.1	1.1	1.1	1.1	1.1	1.1	1.1
0.3	0.3	0.3	0.3	0.3	0.3	0.3	0.3	0.3	0.3
0.3	0.3	0.3	0.3	0.3	0.3	0.3	0.3	0.3	0.3
1.5	1.5	1.5	1.5	1.5	1.5	1.5	1.5	1.5	1.5
1.8	1.8	1.8	1.8	1.8	1.8	1.8	1.8	1.8	1.8
1.7	1.7	1.7	1.7	1.7	1.7	1.7	1.7	1.7	1.7
1.9	1.9	1.9	1.9	1.9	1.9	1.9	1.9	1.9	1.9
1.2	1.2	1.2	1.2	1.2	1.2	1.2	1.2	1.2	1.2
2.3	2.3	2.3	2.3	2.3	2.3	2.3	2.3	2.3	2.3
0.5	0.5	0.5	0.5	0.5	0.5	0.5	0.5	0.5	0.5
0.8	0.8	0.8	0.8	0.8	0.8	0.8	0.8	0.8	0.8
1.1	1.1	1.1	1.1	1.1	1.1	1.1	1.1	1.1	1.1
0.5	0.5	0.5	0.5	0.5	0.5	0.5	0.5	0.5	0.5
1.4	1.4	1.4	1.4	1.4	1.4	1.4	1.4	1.4	1.4
2.4	2.4	2.4	2.4	2.4	2.4	2.4	2.4	2.4	2.4
1.1	1.1	1.1	1.1	1.1	1.1	1.1	1.1	1.1	1.1
1.1	1.1	1.1	1.1	1.1	1.1	1.1	1.1	1.1	1.1
1.2	1.2	1.2	1.2	1.2	1.2	1.2	1.2	1.2	1.2
0.5	0.5	0.5	0.5	0.5	0.5	0.5	0.5	0.5	0.5
0.8	0.8	0.8	0.8	0.8	0.8	0.8	0.8	0.8	0.8
1.0	1.0	1.0	1.0	1.0	1.0	1.0	1.0	1.0	1.0
0.4	0.4	0.4	0.4	0.4	0.4	0.4	0.4	0.4	0.4
1.7	1.7	1.7	1.7	1.7	1.7	1.7	1.7	1.7	1.7
2.6	2.6	2.6	2.6	2.6	2.6	2.6	2.6	2.6	2.6
2.2	2.2	2.2	2.2	2.2	2.2	2.2	2.2	2.2	2.2
0.5	0.5	0.5	0.5	0.5	0.5	0.5	0.5	0.5	0.5
0.5	0.5	0.5	0.5	0.5	0.5	0.5	0.5	0.5	0.5
1.8	1.8	1.8	1.8	1.8	1.8	1.8	1.8	1.8	1.8
2.6	2.6	2.6	2.6	2.6	2.6	2.6	2.6	2.6	2.6
0.7	0.7	0.7	0.7	0.7	0.7	0.7	0.7	0.7	0.7
1.5	1.5	1.5	1.5	1.5	1.5	1.5	1.5	1.5	1.5
0.7	0.7	0.7	0.7	0.7	0.7	0.7	0.7	0.7	0.7
0.3	0.3	0.3	0.3	0.3	0.3	0.3	0.3	0.3	0.3
2.2	2.2	2.2	2.2	2.2	2.2	2.2	2.2	2.2	2.2
0.3	0.3	0.3	0.3	0.3	0.3	0.3	0.3	0.3	0.3
0.4	0.4	0.4	0.4	0.4	0.4	0.4	0.4	0.4	0.4
1.8	1.8	1.8	1.8	1.8	1.8	1.8	1.8	1.8	1.8
0.1	0.1	0.1	0.1	0.1	0.1	0.1	0.1	0.1	0.1
1.6	1.6	1.6	1.6	1.6	1.6	1.6	1.6	1.6	1.6
1.5	1.5	1.5	1.5	1.5	1.5	1.5	1.5	1.5	1.5
2.0	2.0	2.0	2.0	2.0	2.0	2.0	2.0	2.0	2.0
1.8	1.8	1.8	1.8	1.8	1.8	1.8	1.8	1.8	1.8
1.7	1.7	1.7	1.7	1.7	1.7	1.7	1.7	1.7	1.7
0.4	0.4	0.4	0.4	0.4	0.4	0.4	0.4	0.4	0.4
0.9	0.9	0.9	0.9	0.9	0.9	0.9	0.9	0.9	0.9
0.5	0.5	0.5	0.5	0.5	0.5	0.5	0.5	0.5	0.5
1.1	1.1	1.1	1.1	1.1	1.1	1.1	1.1	1.1	1.1
0.4	0.4	0.4	0.4	0.4	0.4	0.4	0.4	0.4	0.4
2.3	2.3	2.3	2.3	2.3	2.3	2.3	2.3	2.3	2.3
1.1	1.1	1.1	1.1	1.1	1.1	1.1	1.1	1.1	1.1
1.3	1.3	1.3	1.3	1.3	1.3	1.3	1.3	1.3	1.3
2.3	2.3	2.3	2.3	2.3	2.3	2.3	2.3	2.3	2.3
0.7	0.7	0.7	0.7	0.7	0.7	0.7	0.7	0.7	0.7
0.3	0.3	0.3	0.3	0.3	0.3	0.3	0.3	0.3	0.3
2.1	2.1	2.1	2.1	2.1	2.1	2.1	2.1	2.1	2.1
2.5	2.5	2.5	2.5	2.5	2.5	2.5	2.5	2.5	2.5
0.8	0.8	0.8	0.8	0.8	0.8	0.8	0.8	0.8	0.8
0.8	0.8	0.8	0.8	0.8	0.8	0.8	0.8	0.8	0.8
2.1	2.1	2.1	2.1	2.1	2.1	2.1	2.1	2.1	2.1
0.8	0.8	0.8	0.8	0.8	0.8	0.8	0.8	0.8	0.8
0.5	0.5	0.5	0.5	0.5	0.5	0.5	0.5	0.5	0.5
2.0	2.0	2.0	2.0	2.0	2.0	2.0	2.0	2.0	2.0
0.8	0.8	0.8	0.8	0.8	0.8	0.8	0.8	0.8	0.8
0.2	0.2	0.2	0.2	0.2	0.2	0.2	0.2	0.2	0.2
0.5	0.5	0.5	0.5	0.5	0.5	0.5	0.5	0.5	0.5
0.6	0.6	0.6	0.6	0.6	0.6	0.6	0.6	0.6	0.6
1.9	1.9	1.9	1.9	1.9	1.9	1.9	1.9	1.9	1.9
1.3	1.3	1.3	1.3	1.3	1.3	1.3	1.3	1.3	1.3
1.4	1.4	1.4	1.4	1.4	1.4	1.4	1.4	1.4	1.4
1.8	1.8	1.8	1.8	1.8	1.8	1.8	1.8	1.8	1.8
0.8	0.8	0.8	0.8	0.8	0.8	0.8	0.8	0.8	0.8
0.9	0.9	0.9	0.9	0.9	0.9	0.9	0.9	0.9	0.9
0.9	0.9	0.9	0.9	0.9	0.9	0.9	0.9	0.9	0.9
3.2	3.2	3.2	3.2	3.2	3.2	3.2	3.2	3.2	3.2
3.5	3.5	3.5	3.5	3.5	3.5	3.5	3.5	3.5	3.5
0.9	0.9	0.9	0.9	0.9	0.9	0.9	0.9	0.9	0.9
0.1	0.1	0.1	0.1	0.1	0.1	0.1	0.1	0.1	0.1
1.1	1.1	1.1	1.1	1.1	1.1	1.1	1.1	1.1	1.1
0.6	0.6	0.6	0.6	0.6	0.6	0.6	0.6	0.6	0.6
2.0	2.0	2.0	2.0	2.0	2.0	2.0	2.0	2.0	2.0
1.6	1.6	1.6	1.6	1.6	1.6	1.6	1.6	1.6	1.6
0.1	0.1	0.1	0.1	0.1	0.1	0.1	0.1	0.1	0.1
1.6	1.6	1.6	1.6	1.6	1.6	1.6	1.6	1.6	1.6
0.7	0.7	0.7	0.7	0.7	0.7	0.7	0.7	0.7	0.7
2.1	2.1	2.1	2.1	2.1	2.1	2.1	2.1	2.1	2.1
1.4	1.4	1.4	1.4	1.4	1.4	1.4	1.4	1.4	1.4
0.8	0.8	0.8	0.8	0.8	0.8	0.8	0.8	0.8	0.8
0.1	0.1	0.1	0.1	0.1	0.1	0.1	0.1	0.1	0.1
2.8	2.8	2.8	2.8	2.8	2.8	2.8	2.8	2.8	2.8
0.9	0.9	0.9	0.9	0.9	0.9	0.9	0.9	0.9	0.9
0.2	0.2	0.2	0.2	0.2	0.2	0.2	0.2	0.2	0.2
0.3	0.3	0.3	0.3	0.3	0.3	0.3	0.3	0.3	0.3
1.8	1.8	1.8	1.8	1.8	1.8	1.8	1.8	1.8	1.8
1.8	1.8	1.8	1.8	1.8	1.8	1.8	1.8	1.8	1.8
0.1	0.1	0.1	0.1	0.1	0.1	0.1	0.1	0.1	0.1
1.7	1.7	1.7	1.7	1.7	1.7	1.7	1.7	1.7	1.7
2.7	2.7	2.7	2.7	2.7	2.7	2.7	2.7	2.7	2.7
0.5	0.5	0.5	0.5	0.5	0.5	0.5	0.5	0.5	0.5
2.0	2.0	2.0	2.0	2.0	2.0	2.0	2.0	2.0	2.0
1.0	1.0	1.0	1.0	1.0	1.0	1.0	1.0	1.0	1.0
0.4	0.4	0.4	0.4	0.4	0.4	0.4	0.4	0.4	0.4
1.2	1.2	1.2	1.2	1.2	1.2	1.2	1.2	1.2	1.2
2.3	2.3	2.3	2.3	2.3	2.3	2.3	2.3	2.3	2.3
1.1	1.1	1.1	1.1	1.1	1.1	1.1	1.1	1.1	1.1
0.4	0.4	0.4	0.4	0.4	0.4	0.4	0.4	0.4	0.4
1.4	1.4	1.4	1.4	1.4	1.4	1.4	1.4	1.4	1.4
0.8	0.8	0.8	0.8	0.8	0.8	0.8	0.8	0.8	0.8
1.4	1.4	1.4	1.4	1.4	1.4	1.4	1.4	1.4	1.4
1.3	1.3	1.3	1.3	1.3	1.3	1.3	1.3	1.3	1.3
0.4	0.4	0.4	0.4	0.4	0.4	0.4	0.4	0.4	0.4
1.5	1.5	1.5	1.5	1.5	1.5	1.5	1.5	1.5	1.5
3.9	3.9	3.9	3.9	3.9	3.9	3.9	3.9	3.9	3.9
1.5	1.5	1.5	1.5	1.5	1.5	1.5	1.5	1.5	1.5
2.3	2.3	2.3	2.3	2.3	2.3	2.3	2.3	2.3	2.3
0.9	0.9	0.9	0.9	0.9	0.9	0.9	0.9	0.9	0.9
1.2	1.2	1.2	1.2	1.2	1.2	1.2	1.2	1.2	1.2
0.2	0.2	0.2	0.2	0.2	0.2	0.2	0.2	0.2	0.2
2.0	2.0	2.0	2.0	2.0	2.0	2.0	2.0	2.0	2.0
1.0	1.0	1.0	1.0	1.0	1.0	1.0	1.0	1.0	1.0
1.9	1.9	1.9	1.9	1.9	1.9	1.9	1.9	1.9	1.9
0.3	0.3	0.3	0.3	0.3	0.3	0.3	0.3	0.3	0.3
2.9	2.9	2.9	2.9	2.9	2.9	2.9	2.9	2.9	2.9
1.7	1.7	1.7	1.7	1.7	1.7	1.7	1.7	1.7	1.7
1.9	1.9	1.9	1.9	1.9	1.9	1.9	1.9	1.9	1.9
1.8	1.8	1.8	1.8	1.8	1.8	1.8	1.8	1.8	1.8
3.0	3.0	3.0	3.0	3.0	3.0	3.0	3.0	3.0	3.0
0.4	0.4	0.4	0.4	0.4	0.4	0.4	0.4	0.4	0.4
1.0	1.0	1.0	1.0	1.0	1.0	1.0	1.0	1.0	1.0
0.3	0.3	0.3	0.3	0.3	0.3	0.3	0.3	0.3	0.3
2.1	2.1	2.1	2.1	2.1	2.1	2.1	2.1	2.1	2.1
1.4	1.4	1.4	1.4	1.4	1.4	1.4	1.4	1.4	1.4
1.3	1.3	1.3	1.3	1.3	1.3	1.3	1.3	1.3	1.3
0.2	0.2	0.2	0.2	0.2	0.2	0.2	0.2	0.2	0.2
2.2	2.2	2.2	2.2	2.2	2.2	2.2	2.2	2.2	2.2
]
