N_MACHINES:10	N_JOBS:50	CHARGING_TIME:60	INITIAL_CHARGE:10
D:[
2	2	2	2	2	2	2	2	2	2
9	9	9	9	9	9	9	9	9	9
23	23	23	23	23	23	23	23	23	23
14	14	14	14	14	14	14	14	14	14
16	16	16	16	16	16	16	16	16	16
21	21	21	21	21	21	21	21	21	21
9	9	9	9	9	9	9	9	9	9
11	11	11	11	11	11	11	11	11	11
9	9	9	9	9	9	9	9	9	9
16	16	16	16	16	16	16	16	16	16
5	5	5	5	5	5	5	5	5	5
11	11	11	11	11	11	11	11	11	11
14	14	14	14	14	14	14	14	14	14
1	1	1	1	1	1	1	1	1	1
11	11	11	11	11	11	11	11	11	11
9	9	9	9	9	9	9	9	9	9
1	1	1	1	1	1	1	1	1	1
23	23	23	23	23	23	23	23	23	23
6	6	6	6	6	6	6	6	6	6
28	28	28	28	28	28	28	28	28	28
7	7	7	7	7	7	7	7	7	7
12	12	12	12	12	12	12	12	12	12
6	6	6	6	6	6	6	6	6	6
6	6	6	6	6	6	6	6	6	6
12	12	12	12	12	12	12	12	12	12
16	16	16	16	16	16	16	16	16	16
5	5	5	5	5	5	5	5	5	5
18	18	18	18	18	18	18	18	18	18
7	7	7	7	7	7	7	7	7	7
11	11	11	11	11	11	11	11	11	11
3	3	3	3	3	3	3	3	3	3
4	4	4	4	4	4	4	4	4	4
16	16	16	16	16	16	16	16	16	16
8	8	8	8	8	8	8	8	8	8
9	9	9	9	9	9	9	9	9	9
15	15	15	15	15	15	15	15	15	15
5	5	5	5	5	5	5	5	5	5
6	6	6	6	6	6	6	6	6	6
7	7	7	7	7	7	7	7	7	7
12	12	12	12	12	12	12	12	12	12
3	3	3	3	3	3	3	3	3	3
11	11	11	11	11	11	11	11	11	11
7	7	7	7	7	7	7	7	7	7
8	8	8	8	8	8	8	8	8	8
11	11	11	11	11	11	11	11	11	11
0	0	0	0	0	0	0	0	0	0
20	20	20	20	20	20	20	20	20	20
3	3	3	3	3	3	3	3	3	3
30	30	30	30	30	30	30	30	30	30
3	3	3	3	3	3	3	3	3	3
]
w:[
0.1	0.1	0.1	0.1	0.1	0.1	0.1	0.1	0.1	0.1
3.0	3.0	3.0	3.0	3.0	3.0	3.0	3.0	3.0	3.0
4.2	4.2	4.2	4.2	4.2	4.2	4.2	4.2	4.2	4.2
3.3	3.3	3.3	3.3	3.3	3.3	3.3	3.3	3.3	3.3
9.7	9.7	9.7	9.7	9.7	9.7	9.7	9.7	9.7	9.7
4.5	4.5	4.5	4.5	4.5	4.5	4.5	4.5	4.5	4.5
6.4	6.4	6.4	6.4	6.4	6.4	6.4	6.4	6.4	6.4
8.3	8.3	8.3	8.3	8.3	8.3	8.3	8.3	8.3	8.3
7.8	7.8	7.8	7.8	7.8	7.8	7.8	7.8	7.8	7.8
2.1	2.1	2.1	2.1	2.1	2.1	2.1	2.1	2.1	2.1
7.1	7.1	7.1	7.1	7.1	7.1	7.1	7.1	7.1	7.1
2.1	2.1	2.1	2.1	2.1	2.1	2.1	2.1	2.1	2.1
3.1	3.1	3.1	3.1	3.1	3.1	3.1	3.1	3.1	3.1
3.8	3.8	3.8	3.8	3.8	3.8	3.8	3.8	3.8	3.8
1.3	1.3	1.3	1.3	1.3	1.3	1.3	1.3	1.3	1.3
4.7	4.7	4.7	4.7	4.7	4.7	4.7	4.7	4.7	4.7
8.0	8.0	8.0	8.0	8.0	8.0	8.0	8.0	8.0	8.0
8.4	8.4	8.4	8.4	8.4	8.4	8.4	8.4	8.4	8.4
0.1	0.1	0.1	0.1	0.1	0.1	0.1	0.1	0.1	0.1
7.6	7.6	7.6	7.6	7.6	7.6	7.6	7.6	7.6	7.6
1.1	1.1	1.1	1.1	1.1	1.1	1.1	1.1	1.1	1.1
4.2	4.2	4.2	4.2	4.2	4.2	4.2	4.2	4.2	4.2
8.0	8.0	8.0	8.0	8.0	8.0	8.0	8.0	8.0	8.0
4.3	4.3	4.3	4.3	4.3	4.3	4.3	4.3	4.3	4.3
2.3	2.3	2.3	2.3	2.3	2.3	2.3	2.3	2.3	2.3
6.0	6.0	6.0	6.0	6.0	6.0	6.0	6.0	6.0	6.0
5.1	5.1	5.1	5.1	5.1	5.1	5.1	5.1	5.1	5.1
6.2	6.2	6.2	6.2	6.2	6.2	6.2	6.2	6.2	6.2
5.3	5.3	5.3	5.3	5.3	5.3	5.3	5.3	5.3	5.3
8.2	8.2	8.2	8.2	8.2	8.2	8.2	8.2	8.2	8.2
0.1	0.1	0.1	0.1	0.1	0.1	0.1	0.1	0.1	0.1
5.4	5.4	5.4	5.4	5.4	5.4	5.4	5.4	5.4	5.4
5.8	5.8	5.8	5.8	5.8	5.8	5.8	5.8	5.8	5.8
3.0	3.0	3.0	3.0	3.0	3.0	3.0	3.0	3.0	3.0
2.9	2.9	2.9	2.9	2.9	2.9	2.9	2.9	2.9	2.9
1.0	1.0	1.0	1.0	1.0	1.0	1.0	1.0	1.0	1.0
1.1	1.1	1.1	1.1	1.1	1.1	1.1	1.1	1.1	1.1
4.7	4.7	4.7	4.7	4.7	4.7	4.7	4.7	4.7	4.7
0.2	0.2	0.2	0.2	0.2	0.2	0.2	0.2	0.2	0.2
2.6	2.6	2.6	2.6	2.6	2.6	2.6	2.6	2.6	2.6
6.2	6.2	6.2	6.2	6.2	6.2	6.2	6.2	6.2	6.2
8.7	8.7	8.7	8.7	8.7	8.7	8.7	8.7	8.7	8.7
6.7	6.7	6.7	6.7	6.7	6.7	6.7	6.7	6.7	6.7
5.0	5.0	5.0	5.0	5.0	5.0	5.0	5.0	5.0	5.0
9.9	9.9	9.9	9.9	9.9	9.9	9.9	9.9	9.9	9.9
5.9	5.9	5.9	5.9	5.9	5.9	5.9	5.9	5.9	5.9
9.3	9.3	9.3	9.3	9.3	9.3	9.3	9.3	9.3	9.3
4.2	4.2	4.2	4.2	4.2	4.2	4.2	4.2	4.2	4.2
6.8	6.8	6.8	6.8	6.8	6.8	6.8	6.8	6.8	6.8
1.3	1.3	1.3	1.3	1.3	1.3	1.3	1.3	1.3	1.3
]
