N_MACHINES:10	N_JOBS:50	CHARGING_TIME:60	INITIAL_CHARGE:10
D:[
4	4	4	4	4	4	4	4	4	4
12	12	12	12	12	12	12	12	12	12
15	15	15	15	15	15	15	15	15	15
1	1	1	1	1	1	1	1	1	1
6	6	6	6	6	6	6	6	6	6
11	11	11	11	11	11	11	11	11	11
9	9	9	9	9	9	9	9	9	9
4	4	4	4	4	4	4	4	4	4
15	15	15	15	15	15	15	15	15	15
0	0	0	0	0	0	0	0	0	0
24	24	24	24	24	24	24	24	24	24
11	11	11	11	11	11	11	11	11	11
3	3	3	3	3	3	3	3	3	3
14	14	14	14	14	14	14	14	14	14
7	7	7	7	7	7	7	7	7	7
0	0	0	0	0	0	0	0	0	0
25	25	25	25	25	25	25	25	25	25
21	21	21	21	21	21	21	21	21	21
19	19	19	19	19	19	19	19	19	19
5	5	5	5	5	5	5	5	5	5
3	3	3	3	3	3	3	3	3	3
29	29	29	29	29	29	29	29	29	29
12	12	12	12	12	12	12	12	12	12
18	18	18	18	18	18	18	18	18	18
20	20	20	20	20	20	20	20	20	20
21	21	21	21	21	21	21	21	21	21
18	18	18	18	18	18	18	18	18	18
20	20	20	20	20	20	20	20	20	20
22	22	22	22	22	22	22	22	22	22
22	22	22	22	22	22	22	22	22	22
7	7	7	7	7	7	7	7	7	7
20	20	20	20	20	20	20	20	20	20
29	29	29	29	29	29	29	29	29	29
17	17	17	17	17	17	17	17	17	17
8	8	8	8	8	8	8	8	8	8
20	20	20	20	20	20	20	20	20	20
11	11	11	11	11	11	11	11	11	11
13	13	13	13	13	13	13	13	13	13
8	8	8	8	8	8	8	8	8	8
3	3	3	3	3	3	3	3	3	3
5	5	5	5	5	5	5	5	5	5
20	20	20	20	20	20	20	20	20	20
8	8	8	8	8	8	8	8	8	8
22	22	22	22	22	22	22	22	22	22
2	2	2	2	2	2	2	2	2	2
1	1	1	1	1	1	1	1	1	1
2	2	2	2	2	2	2	2	2	2
6	6	6	6	6	6	6	6	6	6
16	16	16	16	16	16	16	16	16	16
13	13	13	13	13	13	13	13	13	13
]
w:[
5.8	5.8	5.8	5.8	5.8	5.8	5.8	5.8	5.8	5.8
3.4	3.4	3.4	3.4	3.4	3.4	3.4	3.4	3.4	3.4
8.9	8.9	8.9	8.9	8.9	8.9	8.9	8.9	8.9	8.9
0.1	0.1	0.1	0.1	0.1	0.1	0.1	0.1	0.1	0.1
5.1	5.1	5.1	5.1	5.1	5.1	5.1	5.1	5.1	5.1
2.7	2.7	2.7	2.7	2.7	2.7	2.7	2.7	2.7	2.7
4.9	4.9	4.9	4.9	4.9	4.9	4.9	4.9	4.9	4.9
4.9	4.9	4.9	4.9	4.9	4.9	4.9	4.9	4.9	4.9
5.6	5.6	5.6	5.6	5.6	5.6	5.6	5.6	5.6	5.6
3.2	3.2	3.2	3.2	3.2	3.2	3.2	3.2	3.2	3.2
0.4	0.4	0.4	0.4	0.4	0.4	0.4	0.4	0.4	0.4
2.1	2.1	2.1	2.1	2.1	2.1	2.1	2.1	2.1	2.1
7.1	7.1	7.1	7.1	7.1	7.1	7.1	7.1	7.1	7.1
9.6	9.6	9.6	9.6	9.6	9.6	9.6	9.6	9.6	9.6
4.6	4.6	4.6	4.6	4.6	4.6	4.6	4.6	4.6	4.6
9.6	9.6	9.6	9.6	9.6	9.6	9.6	9.6	9.6	9.6
8.3	8.3	8.3	8.3	8.3	8.3	8.3	8.3	8.3	8.3
2.6	2.6	2.6	2.6	2.6	2.6	2.6	2.6	2.6	2.6
4.9	4.9	4.9	4.9	4.9	4.9	4.9	4.9	4.9	4.9
4.9	4.9	4.9	4.9	4.9	4.9	4.9	4.9	4.9	4.9
3.8	3.8	3.8	3.8	3.8	3.8	3.8	3.8	3.8	3.8
2.4	2.4	2.4	2.4	2.4	2.4	2.4	2.4	2.4	2.4
3.0	3.0	3.0	3.0	3.0	3.0	3.0	3.0	3.0	3.0
7.5	7.5	7.5	7.5	7.5	7.5	7.5	7.5	7.5	7.5
8.5	8.5	8.5	8.5	8.5	8.5	8.5	8.5	8.5	8.5
5.5	5.5	5.5	5.5	5.5	5.5	5.5	5.5	5.5	5.5
4.2	4.2	4.2	4.2	4.2	4.2	4.2	4.2	4.2	4.2
4.9	4.9	4.9	4.9	4.9	4.9	4.9	4.9	4.9	4.9
4.4	4.4	4.4	4.4	4.4	4.4	4.4	4.4	4.4	4.4
3.0	3.0	3.0	3.0	3.0	3.0	3.0	3.0	3.0	3.0
3.0	3.0	3.0	3.0	3.0	3.0	3.0	3.0	3.0	3.0
1.6	1.6	1.6	1.6	1.6	1.6	1.6	1.6	1.6	1.6
9.4	9.4	9.4	9.4	9.4	9.4	9.4	9.4	9.4	9.4
4.8	4.8	4.8	4.8	4.8	4.8	4.8	4.8	4.8	4.8
8.8	8.8	8.8	8.8	8.8	8.8	8.8	8.8	8.8	8.8
0.3	0.3	0.3	0.3	0.3	0.3	0.3	0.3	0.3	0.3
5.3	5.3	5.3	5.3	5.3	5.3	5.3	5.3	5.3	5.3
3.9	3.9	3.9	3.9	3.9	3.9	3.9	3.9	3.9	3.9
3.6	3.6	3.6	3.6	3.6	3.6	3.6	3.6	3.6	3.6
6.7	6.7	6.7	6.7	6.7	6.7	6.7	6.7	6.7	6.7
8.2	8.2	8.2	8.2	8.2	8.2	8.2	8.2	8.2	8.2
3.0	3.0	3.0	3.0	3.0	3.0	3.0	3.0	3.0	3.0
2.4	2.4	2.4	2.4	2.4	2.4	2.4	2.4	2.4	2.4
9.1	9.1	9.1	9.1	9.1	9.1	9.1	9.1	9.1	9.1
6.3	6.3	6.3	6.3	6.3	6.3	6.3	6.3	6.3	6.3
8.7	8.7	8.7	8.7	8.7	8.7	8.7	8.7	8.7	8.7
3.4	3.4	3.4	3.4	3.4	3.4	3.4	3.4	3.4	3.4
0.8	0.8	0.8	0.8	0.8	0.8	0.8	0.8	0.8	0.8
2.6	2.6	2.6	2.6	2.6	2.6	2.6	2.6	2.6	2.6
4.7	4.7	4.7	4.7	4.7	4.7	4.7	4.7	4.7	4.7
]
