N_MACHINES:10	N_JOBS:100	CHARGING_TIME:60	INITIAL_CHARGE:10
D:[
19	19	19	19	19	19	19	19	19	19
15	15	15	15	15	15	15	15	15	15
32	32	32	32	32	32	32	32	32	32
20	20	20	20	20	20	20	20	20	20
10	10	10	10	10	10	10	10	10	10
13	13	13	13	13	13	13	13	13	13
23	23	23	23	23	23	23	23	23	23
27	27	27	27	27	27	27	27	27	27
34	34	34	34	34	34	34	34	34	34
51	51	51	51	51	51	51	51	51	51
1	1	1	1	1	1	1	1	1	1
3	3	3	3	3	3	3	3	3	3
33	33	33	33	33	33	33	33	33	33
33	33	33	33	33	33	33	33	33	33
54	54	54	54	54	54	54	54	54	54
17	17	17	17	17	17	17	17	17	17
7	7	7	7	7	7	7	7	7	7
15	15	15	15	15	15	15	15	15	15
23	23	23	23	23	23	23	23	23	23
13	13	13	13	13	13	13	13	13	13
19	19	19	19	19	19	19	19	19	19
8	8	8	8	8	8	8	8	8	8
26	26	26	26	26	26	26	26	26	26
46	46	46	46	46	46	46	46	46	46
2	2	2	2	2	2	2	2	2	2
41	41	41	41	41	41	41	41	41	41
9	9	9	9	9	9	9	9	9	9
43	43	43	43	43	43	43	43	43	43
5	5	5	5	5	5	5	5	5	5
1	1	1	1	1	1	1	1	1	1
13	13	13	13	13	13	13	13	13	13
9	9	9	9	9	9	9	9	9	9
49	49	49	49	49	49	49	49	49	49
6	6	6	6	6	6	6	6	6	6
48	48	48	48	48	48	48	48	48	48
2	2	2	2	2	2	2	2	2	2
2	2	2	2	2	2	2	2	2	2
24	24	24	24	24	24	24	24	24	24
31	31	31	31	31	31	31	31	31	31
32	32	32	32	32	32	32	32	32	32
20	20	20	20	20	20	20	20	20	20
18	18	18	18	18	18	18	18	18	18
41	41	41	41	41	41	41	41	41	41
39	39	39	39	39	39	39	39	39	39
23	23	23	23	23	23	23	23	23	23
9	9	9	9	9	9	9	9	9	9
8	8	8	8	8	8	8	8	8	8
14	14	14	14	14	14	14	14	14	14
28	28	28	28	28	28	28	28	28	28
11	11	11	11	11	11	11	11	11	11
46	46	46	46	46	46	46	46	46	46
5	5	5	5	5	5	5	5	5	5
63	63	63	63	63	63	63	63	63	63
2	2	2	2	2	2	2	2	2	2
71	71	71	71	71	71	71	71	71	71
31	31	31	31	31	31	31	31	31	31
1	1	1	1	1	1	1	1	1	1
36	36	36	36	36	36	36	36	36	36
3	3	3	3	3	3	3	3	3	3
25	25	25	25	25	25	25	25	25	25
6	6	6	6	6	6	6	6	6	6
6	6	6	6	6	6	6	6	6	6
42	42	42	42	42	42	42	42	42	42
33	33	33	33	33	33	33	33	33	33
16	16	16	16	16	16	16	16	16	16
44	44	44	44	44	44	44	44	44	44
42	42	42	42	42	42	42	42	42	42
28	28	28	28	28	28	28	28	28	28
49	49	49	49	49	49	49	49	49	49
34	34	34	34	34	34	34	34	34	34
33	33	33	33	33	33	33	33	33	33
40	40	40	40	40	40	40	40	40	40
24	24	24	24	24	24	24	24	24	24
40	40	40	40	40	40	40	40	40	40
48	48	48	48	48	48	48	48	48	48
16	16	16	16	16	16	16	16	16	16
96	96	96	96	96	96	96	96	96	96
25	25	25	25	25	25	25	25	25	25
30	30	30	30	30	30	30	30	30	30
14	14	14	14	14	14	14	14	14	14
21	21	21	21	21	21	21	21	21	21
13	13	13	13	13	13	13	13	13	13
48	48	48	48	48	48	48	48	48	48
7	7	7	7	7	7	7	7	7	7
24	24	24	24	24	24	24	24	24	24
13	13	13	13	13	13	13	13	13	13
4	4	4	4	4	4	4	4	4	4
8	8	8	8	8	8	8	8	8	8
29	29	29	29	29	29	29	29	29	29
42	42	42	42	42	42	42	42	42	42
21	21	21	21	21	21	21	21	21	21
23	23	23	23	23	23	23	23	23	23
3	3	3	3	3	3	3	3	3	3
1	1	1	1	1	1	1	1	1	1
29	29	29	29	29	29	29	29	29	29
22	22	22	22	22	22	22	22	22	22
54	54	54	54	54	54	54	54	54	54
24	24	24	24	24	24	24	24	24	24
18	18	18	18	18	18	18	18	18	18
12	12	12	12	12	12	12	12	12	12
]
w:[
5.7	5.7	5.7	5.7	5.7	5.7	5.7	5.7	5.7	5.7
3.7	3.7	3.7	3.7	3.7	3.7	3.7	3.7	3.7	3.7
2.6	2.6	2.6	2.6	2.6	2.6	2.6	2.6	2.6	2.6
7.4	7.4	7.4	7.4	7.4	7.4	7.4	7.4	7.4	7.4
0.2	0.2	0.2	0.2	0.2	0.2	0.2	0.2	0.2	0.2
5.3	5.3	5.3	5.3	5.3	5.3	5.3	5.3	5.3	5.3
1.8	1.8	1.8	1.8	1.8	1.8	1.8	1.8	1.8	1.8
7.5	7.5	7.5	7.5	7.5	7.5	7.5	7.5	7.5	7.5
7.0	7.0	7.0	7.0	7.0	7.0	7.0	7.0	7.0	7.0
3.5	3.5	3.5	3.5	3.5	3.5	3.5	3.5	3.5	3.5
0.5	0.5	0.5	0.5	0.5	0.5	0.5	0.5	0.5	0.5
0.9	0.9	0.9	0.9	0.9	0.9	0.9	0.9	0.9	0.9
8.2	8.2	8.2	8.2	8.2	8.2	8.2	8.2	8.2	8.2
1.6	1.6	1.6	1.6	1.6	1.6	1.6	1.6	1.6	1.6
3.2	3.2	3.2	3.2	3.2	3.2	3.2	3.2	3.2	3.2
5.1	5.1	5.1	5.1	5.1	5.1	5.1	5.1	5.1	5.1
6.3	6.3	6.3	6.3	6.3	6.3	6.3	6.3	6.3	6.3
6.3	6.3	6.3	6.3	6.3	6.3	6.3	6.3	6.3	6.3
4.4	4.4	4.4	4.4	4.4	4.4	4.4	4.4	4.4	4.4
3.4	3.4	3.4	3.4	3.4	3.4	3.4	3.4	3.4	3.4
9.5	9.5	9.5	9.5	9.5	9.5	9.5	9.5	9.5	9.5
6.5	6.5	6.5	6.5	6.5	6.5	6.5	6.5	6.5	6.5
2.3	2.3	2.3	2.3	2.3	2.3	2.3	2.3	2.3	2.3
8.9	8.9	8.9	8.9	8.9	8.9	8.9	8.9	8.9	8.9
3.6	3.6	3.6	3.6	3.6	3.6	3.6	3.6	3.6	3.6
5.7	5.7	5.7	5.7	5.7	5.7	5.7	5.7	5.7	5.7
4.0	4.0	4.0	4.0	4.0	4.0	4.0	4.0	4.0	4.0
5.7	5.7	5.7	5.7	5.7	5.7	5.7	5.7	5.7	5.7
4.0	4.0	4.0	4.0	4.0	4.0	4.0	4.0	4.0	4.0
3.2	3.2	3.2	3.2	3.2	3.2	3.2	3.2	3.2	3.2
7.0	7.0	7.0	7.0	7.0	7.0	7.0	7.0	7.0	7.0
2.2	2.2	2.2	2.2	2.2	2.2	2.2	2.2	2.2	2.2
3.5	3.5	3.5	3.5	3.5	3.5	3.5	3.5	3.5	3.5
9.9	9.9	9.9	9.9	9.9	9.9	9.9	9.9	9.9	9.9
9.2	9.2	9.2	9.2	9.2	9.2	9.2	9.2	9.2	9.2
2.7	2.7	2.7	2.7	2.7	2.7	2.7	2.7	2.7	2.7
7.8	7.8	7.8	7.8	7.8	7.8	7.8	7.8	7.8	7.8
8.7	8.7	8.7	8.7	8.7	8.7	8.7	8.7	8.7	8.7
1.9	1.9	1.9	1.9	1.9	1.9	1.9	1.9	1.9	1.9
9.7	9.7	9.7	9.7	9.7	9.7	9.7	9.7	9.7	9.7
0.1	0.1	0.1	0.1	0.1	0.1	0.1	0.1	0.1	0.1
5.6	5.6	5.6	5.6	5.6	5.6	5.6	5.6	5.6	5.6
8.1	8.1	8.1	8.1	8.1	8.1	8.1	8.1	8.1	8.1
1.4	1.4	1.4	1.4	1.4	1.4	1.4	1.4	1.4	1.4
3.2	3.2	3.2	3.2	3.2	3.2	3.2	3.2	3.2	3.2
6.2	6.2	6.2	6.2	6.2	6.2	6.2	6.2	6.2	6.2
6.2	6.2	6.2	6.2	6.2	6.2	6.2	6.2	6.2	6.2
5.1	5.1	5.1	5.1	5.1	5.1	5.1	5.1	5.1	5.1
3.0	3.0	3.0	3.0	3.0	3.0	3.0	3.0	3.0	3.0
6.5	6.5	6.5	6.5	6.5	6.5	6.5	6.5	6.5	6.5
5.6	5.6	5.6	5.6	5.6	5.6	5.6	5.6	5.6	5.6
8.2	8.2	8.2	8.2	8.2	8.2	8.2	8.2	8.2	8.2
4.7	4.7	4.7	4.7	4.7	4.7	4.7	4.7	4.7	4.7
2.1	2.1	2.1	2.1	2.1	2.1	2.1	2.1	2.1	2.1
9.9	9.9	9.9	9.9	9.9	9.9	9.9	9.9	9.9	9.9
0.9	0.9	0.9	0.9	0.9	0.9	0.9	0.9	0.9	0.9
3.7	3.7	3.7	3.7	3.7	3.7	3.7	3.7	3.7	3.7
9.9	9.9	9.9	9.9	9.9	9.9	9.9	9.9	9.9	9.9
9.0	9.0	9.0	9.0	9.0	9.0	9.0	9.0	9.0	9.0
2.8	2.8	2.8	2.8	2.8	2.8	2.8	2.8	2.8	2.8
4.3	4.3	4.3	4.3	4.3	4.3	4.3	4.3	4.3	4.3
2.2	2.2	2.2	2.2	2.2	2.2	2.2	2.2	2.2	2.2
4.3	4.3	4.3	4.3	4.3	4.3	4.3	4.3	4.3	4.3
4.9	4.9	4.9	4.9	4.9	4.9	4.9	4.9	4.9	4.9
3.9	3.9	3.9	3.9	3.9	3.9	3.9	3.9	3.9	3.9
1.5	1.5	1.5	1.5	1.5	1.5	1.5	1.5	1.5	1.5
2.7	2.7	2.7	2.7	2.7	2.7	2.7	2.7	2.7	2.7
0.6	0.6	0.6	0.6	0.6	0.6	0.6	0.6	0.6	0.6
6.1	6.1	6.1	6.1	6.1	6.1	6.1	6.1	6.1	6.1
3.7	3.7	3.7	3.7	3.7	3.7	3.7	3.7	3.7	3.7
4.7	4.7	4.7	4.7	4.7	4.7	4.7	4.7	4.7	4.7
4.1	4.1	4.1	4.1	4.1	4.1	4.1	4.1	4.1	4.1
6.8	6.8	6.8	6.8	6.8	6.8	6.8	6.8	6.8	6.8
6.9	6.9	6.9	6.9	6.9	6.9	6.9	6.9	6.9	6.9
0.1	0.1	0.1	0.1	0.1	0.1	0.1	0.1	0.1	0.1
4.0	4.0	4.0	4.0	4.0	4.0	4.0	4.0	4.0	4.0
0.2	0.2	0.2	0.2	0.2	0.2	0.2	0.2	0.2	0.2
8.6	8.6	8.6	8.6	8.6	8.6	8.6	8.6	8.6	8.6
3.0	3.0	3.0	3.0	3.0	3.0	3.0	3.0	3.0	3.0
4.3	4.3	4.3	4.3	4.3	4.3	4.3	4.3	4.3	4.3
2.9	2.9	2.9	2.9	2.9	2.9	2.9	2.9	2.9	2.9
8.4	8.4	8.4	8.4	8.4	8.4	8.4	8.4	8.4	8.4
8.7	8.7	8.7	8.7	8.7	8.7	8.7	8.7	8.7	8.7
5.2	5.2	5.2	5.2	5.2	5.2	5.2	5.2	5.2	5.2
2.8	2.8	2.8	2.8	2.8	2.8	2.8	2.8	2.8	2.8
1.6	1.6	1.6	1.6	1.6	1.6	1.6	1.6	1.6	1.6
3.9	3.9	3.9	3.9	3.9	3.9	3.9	3.9	3.9	3.9
5.2	5.2	5.2	5.2	5.2	5.2	5.2	5.2	5.2	5.2
8.2	8.2	8.2	8.2	8.2	8.2	8.2	8.2	8.2	8.2
8.6	8.6	8.6	8.6	8.6	8.6	8.6	8.6	8.6	8.6
7.2	7.2	7.2	7.2	7.2	7.2	7.2	7.2	7.2	7.2
0.8	0.8	0.8	0.8	0.8	0.8	0.8	0.8	0.8	0.8
5.5	5.5	5.5	5.5	5.5	5.5	5.5	5.5	5.5	5.5
6.9	6.9	6.9	6.9	6.9	6.9	6.9	6.9	6.9	6.9
6.0	6.0	6.0	6.0	6.0	6.0	6.0	6.0	6.0	6.0
4.2	4.2	4.2	4.2	4.2	4.2	4.2	4.2	4.2	4.2
2.0	2.0	2.0	2.0	2.0	2.0	2.0	2.0	2.0	2.0
4.7	4.7	4.7	4.7	4.7	4.7	4.7	4.7	4.7	4.7
0.4	0.4	0.4	0.4	0.4	0.4	0.4	0.4	0.4	0.4
2.3	2.3	2.3	2.3	2.3	2.3	2.3	2.3	2.3	2.3
]
