N_MACHINES:10	N_JOBS:200	CHARGING_TIME:60	INITIAL_CHARGE:10
D:[
14	14	14	14	14	14	14	14	14	14
22	22	22	22	22	22	22	22	22	22
9	9	9	9	9	9	9	9	9	9
9	9	9	9	9	9	9	9	9	9
8	8	8	8	8	8	8	8	8	8
5	5	5	5	5	5	5	5	5	5
1	1	1	1	1	1	1	1	1	1
1	1	1	1	1	1	1	1	1	1
2	2	2	2	2	2	2	2	2	2
2	2	2	2	2	2	2	2	2	2
0	0	0	0	0	0	0	0	0	0
11	11	11	11	11	11	11	11	11	11
0	0	0	0	0	0	0	0	0	0
31	31	31	31	31	31	31	31	31	31
21	21	21	21	21	21	21	21	21	21
7	7	7	7	7	7	7	7	7	7
18	18	18	18	18	18	18	18	18	18
21	21	21	21	21	21	21	21	21	21
5	5	5	5	5	5	5	5	5	5
8	8	8	8	8	8	8	8	8	8
14	14	14	14	14	14	14	14	14	14
14	14	14	14	14	14	14	14	14	14
6	6	6	6	6	6	6	6	6	6
9	9	9	9	9	9	9	9	9	9
0	0	0	0	0	0	0	0	0	0
14	14	14	14	14	14	14	14	14	14
21	21	21	21	21	21	21	21	21	21
14	14	14	14	14	14	14	14	14	14
15	15	15	15	15	15	15	15	15	15
4	4	4	4	4	4	4	4	4	4
5	5	5	5	5	5	5	5	5	5
7	7	7	7	7	7	7	7	7	7
13	13	13	13	13	13	13	13	13	13
10	10	10	10	10	10	10	10	10	10
5	5	5	5	5	5	5	5	5	5
6	6	6	6	6	6	6	6	6	6
21	21	21	21	21	21	21	21	21	21
24	24	24	24	24	24	24	24	24	24
25	25	25	25	25	25	25	25	25	25
5	5	5	5	5	5	5	5	5	5
18	18	18	18	18	18	18	18	18	18
22	22	22	22	22	22	22	22	22	22
11	11	11	11	11	11	11	11	11	11
0	0	0	0	0	0	0	0	0	0
15	15	15	15	15	15	15	15	15	15
15	15	15	15	15	15	15	15	15	15
6	6	6	6	6	6	6	6	6	6
16	16	16	16	16	16	16	16	16	16
10	10	10	10	10	10	10	10	10	10
23	23	23	23	23	23	23	23	23	23
4	4	4	4	4	4	4	4	4	4
11	11	11	11	11	11	11	11	11	11
9	9	9	9	9	9	9	9	9	9
11	11	11	11	11	11	11	11	11	11
3	3	3	3	3	3	3	3	3	3
1	1	1	1	1	1	1	1	1	1
18	18	18	18	18	18	18	18	18	18
4	4	4	4	4	4	4	4	4	4
25	25	25	25	25	25	25	25	25	25
12	12	12	12	12	12	12	12	12	12
6	6	6	6	6	6	6	6	6	6
4	4	4	4	4	4	4	4	4	4
8	8	8	8	8	8	8	8	8	8
23	23	23	23	23	23	23	23	23	23
27	27	27	27	27	27	27	27	27	27
7	7	7	7	7	7	7	7	7	7
19	19	19	19	19	19	19	19	19	19
1	1	1	1	1	1	1	1	1	1
12	12	12	12	12	12	12	12	12	12
10	10	10	10	10	10	10	10	10	10
7	7	7	7	7	7	7	7	7	7
13	13	13	13	13	13	13	13	13	13
12	12	12	12	12	12	12	12	12	12
4	4	4	4	4	4	4	4	4	4
26	26	26	26	26	26	26	26	26	26
21	21	21	21	21	21	21	21	21	21
3	3	3	3	3	3	3	3	3	3
6	6	6	6	6	6	6	6	6	6
18	18	18	18	18	18	18	18	18	18
29	29	29	29	29	29	29	29	29	29
6	6	6	6	6	6	6	6	6	6
0	0	0	0	0	0	0	0	0	0
7	7	7	7	7	7	7	7	7	7
6	6	6	6	6	6	6	6	6	6
7	7	7	7	7	7	7	7	7	7
2	2	2	2	2	2	2	2	2	2
9	9	9	9	9	9	9	9	9	9
26	26	26	26	26	26	26	26	26	26
31	31	31	31	31	31	31	31	31	31
8	8	8	8	8	8	8	8	8	8
1	1	1	1	1	1	1	1	1	1
24	24	24	24	24	24	24	24	24	24
2	2	2	2	2	2	2	2	2	2
16	16	16	16	16	16	16	16	16	16
28	28	28	28	28	28	28	28	28	28
9	9	9	9	9	9	9	9	9	9
14	14	14	14	14	14	14	14	14	14
9	9	9	9	9	9	9	9	9	9
7	7	7	7	7	7	7	7	7	7
20	20	20	20	20	20	20	20	20	20
15	15	15	15	15	15	15	15	15	15
31	31	31	31	31	31	31	31	31	31
4	4	4	4	4	4	4	4	4	4
1	1	1	1	1	1	1	1	1	1
15	15	15	15	15	15	15	15	15	15
23	23	23	23	23	23	23	23	23	23
2	2	2	2	2	2	2	2	2	2
11	11	11	11	11	11	11	11	11	11
14	14	14	14	14	14	14	14	14	14
9	9	9	9	9	9	9	9	9	9
1	1	1	1	1	1	1	1	1	1
18	18	18	18	18	18	18	18	18	18
13	13	13	13	13	13	13	13	13	13
29	29	29	29	29	29	29	29	29	29
14	14	14	14	14	14	14	14	14	14
12	12	12	12	12	12	12	12	12	12
9	9	9	9	9	9	9	9	9	9
16	16	16	16	16	16	16	16	16	16
19	19	19	19	19	19	19	19	19	19
17	17	17	17	17	17	17	17	17	17
3	3	3	3	3	3	3	3	3	3
16	16	16	16	16	16	16	16	16	16
8	8	8	8	8	8	8	8	8	8
16	16	16	16	16	16	16	16	16	16
7	7	7	7	7	7	7	7	7	7
21	21	21	21	21	21	21	21	21	21
21	21	21	21	21	21	21	21	21	21
20	20	20	20	20	20	20	20	20	20
5	5	5	5	5	5	5	5	5	5
21	21	21	21	21	21	21	21	21	21
20	20	20	20	20	20	20	20	20	20
23	23	23	23	23	23	23	23	23	23
8	8	8	8	8	8	8	8	8	8
14	14	14	14	14	14	14	14	14	14
0	0	0	0	0	0	0	0	0	0
13	13	13	13	13	13	13	13	13	13
24	24	24	24	24	24	24	24	24	24
17	17	17	17	17	17	17	17	17	17
11	11	11	11	11	11	11	11	11	11
6	6	6	6	6	6	6	6	6	6
12	12	12	12	12	12	12	12	12	12
22	22	22	22	22	22	22	22	22	22
5	5	5	5	5	5	5	5	5	5
33	33	33	33	33	33	33	33	33	33
22	22	22	22	22	22	22	22	22	22
11	11	11	11	11	11	11	11	11	11
6	6	6	6	6	6	6	6	6	6
13	13	13	13	13	13	13	13	13	13
15	15	15	15	15	15	15	15	15	15
5	5	5	5	5	5	5	5	5	5
4	4	4	4	4	4	4	4	4	4
4	4	4	4	4	4	4	4	4	4
11	11	11	11	11	11	11	11	11	11
12	12	12	12	12	12	12	12	12	12
1	1	1	1	1	1	1	1	1	1
6	6	6	6	6	6	6	6	6	6
20	20	20	20	20	20	20	20	20	20
1	1	1	1	1	1	1	1	1	1
0	0	0	0	0	0	0	0	0	0
7	7	7	7	7	7	7	7	7	7
0	0	0	0	0	0	0	0	0	0
20	20	20	20	20	20	20	20	20	20
11	11	11	11	11	11	11	11	11	11
2	2	2	2	2	2	2	2	2	2
21	21	21	21	21	21	21	21	21	21
1	1	1	1	1	1	1	1	1	1
15	15	15	15	15	15	15	15	15	15
18	18	18	18	18	18	18	18	18	18
13	13	13	13	13	13	13	13	13	13
20	20	20	20	20	20	20	20	20	20
3	3	3	3	3	3	3	3	3	3
15	15	15	15	15	15	15	15	15	15
6	6	6	6	6	6	6	6	6	6
20	20	20	20	20	20	20	20	20	20
20	20	20	20	20	20	20	20	20	20
18	18	18	18	18	18	18	18	18	18
21	21	21	21	21	21	21	21	21	21
13	13	13	13	13	13	13	13	13	13
9	9	9	9	9	9	9	9	9	9
20	20	20	20	20	20	20	20	20	20
1	1	1	1	1	1	1	1	1	1
10	10	10	10	10	10	10	10	10	10
0	0	0	0	0	0	0	0	0	0
14	14	14	14	14	14	14	14	14	14
25	25	25	25	25	25	25	25	25	25
29	29	29	29	29	29	29	29	29	29
17	17	17	17	17	17	17	17	17	17
1	1	1	1	1	1	1	1	1	1
6	6	6	6	6	6	6	6	6	6
2	2	2	2	2	2	2	2	2	2
10	10	10	10	10	10	10	10	10	10
8	8	8	8	8	8	8	8	8	8
14	14	14	14	14	14	14	14	14	14
11	11	11	11	11	11	11	11	11	11
2	2	2	2	2	2	2	2	2	2
0	0	0	0	0	0	0	0	0	0
17	17	17	17	17	17	17	17	17	17
17	17	17	17	17	17	17	17	17	17
4	4	4	4	4	4	4	4	4	4
0	0	0	0	0	0	0	0	0	0
]
w:[
1.6	1.6	1.6	1.6	1.6	1.6	1.6	1.6	1.6	1.6
1.4	1.4	1.4	1.4	1.4	1.4	1.4	1.4	1.4	1.4
5.1	5.1	5.1	5.1	5.1	5.1	5.1	5.1	5.1	5.1
7.0	7.0	7.0	7.0	7.0	7.0	7.0	7.0	7.0	7.0
2.0	2.0	2.0	2.0	2.0	2.0	2.0	2.0	2.0	2.0
2.3	2.3	2.3	2.3	2.3	2.3	2.3	2.3	2.3	2.3
1.9	1.9	1.9	1.9	1.9	1.9	1.9	1.9	1.9	1.9
3.7	3.7	3.7	3.7	3.7	3.7	3.7	3.7	3.7	3.7
1.4	1.4	1.4	1.4	1.4	1.4	1.4	1.4	1.4	1.4
2.2	2.2	2.2	2.2	2.2	2.2	2.2	2.2	2.2	2.2
1.6	1.6	1.6	1.6	1.6	1.6	1.6	1.6	1.6	1.6
1.8	1.8	1.8	1.8	1.8	1.8	1.8	1.8	1.8	1.8
1.1	1.1	1.1	1.1	1.1	1.1	1.1	1.1	1.1	1.1
2.6	2.6	2.6	2.6	2.6	2.6	2.6	2.6	2.6	2.6
1.7	1.7	1.7	1.7	1.7	1.7	1.7	1.7	1.7	1.7
4.5	4.5	4.5	4.5	4.5	4.5	4.5	4.5	4.5	4.5
0.1	0.1	0.1	0.1	0.1	0.1	0.1	0.1	0.1	0.1
1.1	1.1	1.1	1.1	1.1	1.1	1.1	1.1	1.1	1.1
2.2	2.2	2.2	2.2	2.2	2.2	2.2	2.2	2.2	2.2
1.9	1.9	1.9	1.9	1.9	1.9	1.9	1.9	1.9	1.9
1.0	1.0	1.0	1.0	1.0	1.0	1.0	1.0	1.0	1.0
4.7	4.7	4.7	4.7	4.7	4.7	4.7	4.7	4.7	4.7
4.3	4.3	4.3	4.3	4.3	4.3	4.3	4.3	4.3	4.3
3.8	3.8	3.8	3.8	3.8	3.8	3.8	3.8	3.8	3.8
2.8	2.8	2.8	2.8	2.8	2.8	2.8	2.8	2.8	2.8
4.4	4.4	4.4	4.4	4.4	4.4	4.4	4.4	4.4	4.4
1.4	1.4	1.4	1.4	1.4	1.4	1.4	1.4	1.4	1.4
1.9	1.9	1.9	1.9	1.9	1.9	1.9	1.9	1.9	1.9
3.1	3.1	3.1	3.1	3.1	3.1	3.1	3.1	3.1	3.1
4.3	4.3	4.3	4.3	4.3	4.3	4.3	4.3	4.3	4.3
2.9	2.9	2.9	2.9	2.9	2.9	2.9	2.9	2.9	2.9
3.2	3.2	3.2	3.2	3.2	3.2	3.2	3.2	3.2	3.2
1.6	1.6	1.6	1.6	1.6	1.6	1.6	1.6	1.6	1.6
4.6	4.6	4.6	4.6	4.6	4.6	4.6	4.6	4.6	4.6
0.7	0.7	0.7	0.7	0.7	0.7	0.7	0.7	0.7	0.7
3.0	3.0	3.0	3.0	3.0	3.0	3.0	3.0	3.0	3.0
3.8	3.8	3.8	3.8	3.8	3.8	3.8	3.8	3.8	3.8
0.9	0.9	0.9	0.9	0.9	0.9	0.9	0.9	0.9	0.9
4.5	4.5	4.5	4.5	4.5	4.5	4.5	4.5	4.5	4.5
0.5	0.5	0.5	0.5	0.5	0.5	0.5	0.5	0.5	0.5
2.0	2.0	2.0	2.0	2.0	2.0	2.0	2.0	2.0	2.0
1.1	1.1	1.1	1.1	1.1	1.1	1.1	1.1	1.1	1.1
2.2	2.2	2.2	2.2	2.2	2.2	2.2	2.2	2.2	2.2
1.5	1.5	1.5	1.5	1.5	1.5	1.5	1.5	1.5	1.5
1.0	1.0	1.0	1.0	1.0	1.0	1.0	1.0	1.0	1.0
1.8	1.8	1.8	1.8	1.8	1.8	1.8	1.8	1.8	1.8
1.5	1.5	1.5	1.5	1.5	1.5	1.5	1.5	1.5	1.5
5.8	5.8	5.8	5.8	5.8	5.8	5.8	5.8	5.8	5.8
2.8	2.8	2.8	2.8	2.8	2.8	2.8	2.8	2.8	2.8
0.3	0.3	0.3	0.3	0.3	0.3	0.3	0.3	0.3	0.3
2.7	2.7	2.7	2.7	2.7	2.7	2.7	2.7	2.7	2.7
3.2	3.2	3.2	3.2	3.2	3.2	3.2	3.2	3.2	3.2
1.3	1.3	1.3	1.3	1.3	1.3	1.3	1.3	1.3	1.3
0.6	0.6	0.6	0.6	0.6	0.6	0.6	0.6	0.6	0.6
2.0	2.0	2.0	2.0	2.0	2.0	2.0	2.0	2.0	2.0
3.0	3.0	3.0	3.0	3.0	3.0	3.0	3.0	3.0	3.0
4.8	4.8	4.8	4.8	4.8	4.8	4.8	4.8	4.8	4.8
4.1	4.1	4.1	4.1	4.1	4.1	4.1	4.1	4.1	4.1
2.7	2.7	2.7	2.7	2.7	2.7	2.7	2.7	2.7	2.7
3.5	3.5	3.5	3.5	3.5	3.5	3.5	3.5	3.5	3.5
0.4	0.4	0.4	0.4	0.4	0.4	0.4	0.4	0.4	0.4
3.4	3.4	3.4	3.4	3.4	3.4	3.4	3.4	3.4	3.4
1.2	1.2	1.2	1.2	1.2	1.2	1.2	1.2	1.2	1.2
1.3	1.3	1.3	1.3	1.3	1.3	1.3	1.3	1.3	1.3
5.8	5.8	5.8	5.8	5.8	5.8	5.8	5.8	5.8	5.8
3.3	3.3	3.3	3.3	3.3	3.3	3.3	3.3	3.3	3.3
2.2	2.2	2.2	2.2	2.2	2.2	2.2	2.2	2.2	2.2
1.6	1.6	1.6	1.6	1.6	1.6	1.6	1.6	1.6	1.6
1.0	1.0	1.0	1.0	1.0	1.0	1.0	1.0	1.0	1.0
4.6	4.6	4.6	4.6	4.6	4.6	4.6	4.6	4.6	4.6
3.3	3.3	3.3	3.3	3.3	3.3	3.3	3.3	3.3	3.3
2.9	2.9	2.9	2.9	2.9	2.9	2.9	2.9	2.9	2.9
3.5	3.5	3.5	3.5	3.5	3.5	3.5	3.5	3.5	3.5
0.7	0.7	0.7	0.7	0.7	0.7	0.7	0.7	0.7	0.7
1.7	1.7	1.7	1.7	1.7	1.7	1.7	1.7	1.7	1.7
3.3	3.3	3.3	3.3	3.3	3.3	3.3	3.3	3.3	3.3
3.6	3.6	3.6	3.6	3.6	3.6	3.6	3.6	3.6	3.6
5.3	5.3	5.3	5.3	5.3	5.3	5.3	5.3	5.3	5.3
3.3	3.3	3.3	3.3	3.3	3.3	3.3	3.3	3.3	3.3
5.1	5.1	5.1	5.1	5.1	5.1	5.1	5.1	5.1	5.1
0.7	0.7	0.7	0.7	0.7	0.7	0.7	0.7	0.7	0.7
1.4	1.4	1.4	1.4	1.4	1.4	1.4	1.4	1.4	1.4
2.1	2.1	2.1	2.1	2.1	2.1	2.1	2.1	2.1	2.1
0.8	0.8	0.8	0.8	0.8	0.8	0.8	0.8	0.8	0.8
1.9	1.9	1.9	1.9	1.9	1.9	1.9	1.9	1.9	1.9
4.4	4.4	4.4	4.4	4.4	4.4	4.4	4.4	4.4	4.4
3.8	3.8	3.8	3.8	3.8	3.8	3.8	3.8	3.8	3.8
1.7	1.7	1.7	1.7	1.7	1.7	1.7	1.7	1.7	1.7
2.0	2.0	2.0	2.0	2.0	2.0	2.0	2.0	2.0	2.0
3.1	3.1	3.1	3.1	3.1	3.1	3.1	3.1	3.1	3.1
1.9	1.9	1.9	1.9	1.9	1.9	1.9	1.9	1.9	1.9
6.1	6.1	6.1	6.1	6.1	6.1	6.1	6.1	6.1	6.1
4.8	4.8	4.8	4.8	4.8	4.8	4.8	4.8	4.8	4.8
3.3	3.3	3.3	3.3	3.3	3.3	3.3	3.3	3.3	3.3
3.3	3.3	3.3	3.3	3.3	3.3	3.3	3.3	3.3	3.3
4.8	4.8	4.8	4.8	4.8	4.8	4.8	4.8	4.8	4.8
2.9	2.9	2.9	2.9	2.9	2.9	2.9	2.9	2.9	2.9
5.5	5.5	5.5	5.5	5.5	5.5	5.5	5.5	5.5	5.5
2.9	2.9	2.9	2.9	2.9	2.9	2.9	2.9	2.9	2.9
1.6	1.6	1.6	1.6	1.6	1.6	1.6	1.6	1.6	1.6
0.8	0.8	0.8	0.8	0.8	0.8	0.8	0.8	0.8	0.8
2.7	2.7	2.7	2.7	2.7	2.7	2.7	2.7	2.7	2.7
2.8	2.8	2.8	2.8	2.8	2.8	2.8	2.8	2.8	2.8
1.5	1.5	1.5	1.5	1.5	1.5	1.5	1.5	1.5	1.5
2.8	2.8	2.8	2.8	2.8	2.8	2.8	2.8	2.8	2.8
2.2	2.2	2.2	2.2	2.2	2.2	2.2	2.2	2.2	2.2
0.1	0.1	0.1	0.1	0.1	0.1	0.1	0.1	0.1	0.1
0.6	0.6	0.6	0.6	0.6	0.6	0.6	0.6	0.6	0.6
1.3	1.3	1.3	1.3	1.3	1.3	1.3	1.3	1.3	1.3
4.9	4.9	4.9	4.9	4.9	4.9	4.9	4.9	4.9	4.9
2.3	2.3	2.3	2.3	2.3	2.3	2.3	2.3	2.3	2.3
1.3	1.3	1.3	1.3	1.3	1.3	1.3	1.3	1.3	1.3
0.4	0.4	0.4	0.4	0.4	0.4	0.4	0.4	0.4	0.4
1.0	1.0	1.0	1.0	1.0	1.0	1.0	1.0	1.0	1.0
0.6	0.6	0.6	0.6	0.6	0.6	0.6	0.6	0.6	0.6
0.9	0.9	0.9	0.9	0.9	0.9	0.9	0.9	0.9	0.9
4.5	4.5	4.5	4.5	4.5	4.5	4.5	4.5	4.5	4.5
0.9	0.9	0.9	0.9	0.9	0.9	0.9	0.9	0.9	0.9
5.0	5.0	5.0	5.0	5.0	5.0	5.0	5.0	5.0	5.0
0.9	0.9	0.9	0.9	0.9	0.9	0.9	0.9	0.9	0.9
1.8	1.8	1.8	1.8	1.8	1.8	1.8	1.8	1.8	1.8
4.7	4.7	4.7	4.7	4.7	4.7	4.7	4.7	4.7	4.7
2.7	2.7	2.7	2.7	2.7	2.7	2.7	2.7	2.7	2.7
2.2	2.2	2.2	2.2	2.2	2.2	2.2	2.2	2.2	2.2
2.5	2.5	2.5	2.5	2.5	2.5	2.5	2.5	2.5	2.5
7.2	7.2	7.2	7.2	7.2	7.2	7.2	7.2	7.2	7.2
1.5	1.5	1.5	1.5	1.5	1.5	1.5	1.5	1.5	1.5
2.5	2.5	2.5	2.5	2.5	2.5	2.5	2.5	2.5	2.5
1.6	1.6	1.6	1.6	1.6	1.6	1.6	1.6	1.6	1.6
3.1	3.1	3.1	3.1	3.1	3.1	3.1	3.1	3.1	3.1
2.6	2.6	2.6	2.6	2.6	2.6	2.6	2.6	2.6	2.6
5.6	5.6	5.6	5.6	5.6	5.6	5.6	5.6	5.6	5.6
1.1	1.1	1.1	1.1	1.1	1.1	1.1	1.1	1.1	1.1
3.8	3.8	3.8	3.8	3.8	3.8	3.8	3.8	3.8	3.8
0.5	0.5	0.5	0.5	0.5	0.5	0.5	0.5	0.5	0.5
7.6	7.6	7.6	7.6	7.6	7.6	7.6	7.6	7.6	7.6
5.0	5.0	5.0	5.0	5.0	5.0	5.0	5.0	5.0	5.0
3.1	3.1	3.1	3.1	3.1	3.1	3.1	3.1	3.1	3.1
1.2	1.2	1.2	1.2	1.2	1.2	1.2	1.2	1.2	1.2
1.5	1.5	1.5	1.5	1.5	1.5	1.5	1.5	1.5	1.5
0.5	0.5	0.5	0.5	0.5	0.5	0.5	0.5	0.5	0.5
2.7	2.7	2.7	2.7	2.7	2.7	2.7	2.7	2.7	2.7
5.3	5.3	5.3	5.3	5.3	5.3	5.3	5.3	5.3	5.3
0.2	0.2	0.2	0.2	0.2	0.2	0.2	0.2	0.2	0.2
2.1	2.1	2.1	2.1	2.1	2.1	2.1	2.1	2.1	2.1
0.1	0.1	0.1	0.1	0.1	0.1	0.1	0.1	0.1	0.1
1.8	1.8	1.8	1.8	1.8	1.8	1.8	1.8	1.8	1.8
3.6	3.6	3.6	3.6	3.6	3.6	3.6	3.6	3.6	3.6
3.8	3.8	3.8	3.8	3.8	3.8	3.8	3.8	3.8	3.8
3.6	3.6	3.6	3.6	3.6	3.6	3.6	3.6	3.6	3.6
8.4	8.4	8.4	8.4	8.4	8.4	8.4	8.4	8.4	8.4
3.5	3.5	3.5	3.5	3.5	3.5	3.5	3.5	3.5	3.5
6.2	6.2	6.2	6.2	6.2	6.2	6.2	6.2	6.2	6.2
3.8	3.8	3.8	3.8	3.8	3.8	3.8	3.8	3.8	3.8
0.5	0.5	0.5	0.5	0.5	0.5	0.5	0.5	0.5	0.5
2.9	2.9	2.9	2.9	2.9	2.9	2.9	2.9	2.9	2.9
5.0	5.0	5.0	5.0	5.0	5.0	5.0	5.0	5.0	5.0
1.9	1.9	1.9	1.9	1.9	1.9	1.9	1.9	1.9	1.9
2.0	2.0	2.0	2.0	2.0	2.0	2.0	2.0	2.0	2.0
3.5	3.5	3.5	3.5	3.5	3.5	3.5	3.5	3.5	3.5
3.5	3.5	3.5	3.5	3.5	3.5	3.5	3.5	3.5	3.5
0.7	0.7	0.7	0.7	0.7	0.7	0.7	0.7	0.7	0.7
4.1	4.1	4.1	4.1	4.1	4.1	4.1	4.1	4.1	4.1
2.5	2.5	2.5	2.5	2.5	2.5	2.5	2.5	2.5	2.5
2.1	2.1	2.1	2.1	2.1	2.1	2.1	2.1	2.1	2.1
4.4	4.4	4.4	4.4	4.4	4.4	4.4	4.4	4.4	4.4
0.3	0.3	0.3	0.3	0.3	0.3	0.3	0.3	0.3	0.3
1.6	1.6	1.6	1.6	1.6	1.6	1.6	1.6	1.6	1.6
3.5	3.5	3.5	3.5	3.5	3.5	3.5	3.5	3.5	3.5
2.6	2.6	2.6	2.6	2.6	2.6	2.6	2.6	2.6	2.6
2.4	2.4	2.4	2.4	2.4	2.4	2.4	2.4	2.4	2.4
4.8	4.8	4.8	4.8	4.8	4.8	4.8	4.8	4.8	4.8
2.5	2.5	2.5	2.5	2.5	2.5	2.5	2.5	2.5	2.5
1.7	1.7	1.7	1.7	1.7	1.7	1.7	1.7	1.7	1.7
5.1	5.1	5.1	5.1	5.1	5.1	5.1	5.1	5.1	5.1
3.1	3.1	3.1	3.1	3.1	3.1	3.1	3.1	3.1	3.1
0.6	0.6	0.6	0.6	0.6	0.6	0.6	0.6	0.6	0.6
1.2	1.2	1.2	1.2	1.2	1.2	1.2	1.2	1.2	1.2
0.6	0.6	0.6	0.6	0.6	0.6	0.6	0.6	0.6	0.6
1.1	1.1	1.1	1.1	1.1	1.1	1.1	1.1	1.1	1.1
1.1	1.1	1.1	1.1	1.1	1.1	1.1	1.1	1.1	1.1
3.3	3.3	3.3	3.3	3.3	3.3	3.3	3.3	3.3	3.3
3.8	3.8	3.8	3.8	3.8	3.8	3.8	3.8	3.8	3.8
3.1	3.1	3.1	3.1	3.1	3.1	3.1	3.1	3.1	3.1
2.7	2.7	2.7	2.7	2.7	2.7	2.7	2.7	2.7	2.7
1.7	1.7	1.7	1.7	1.7	1.7	1.7	1.7	1.7	1.7
1.5	1.5	1.5	1.5	1.5	1.5	1.5	1.5	1.5	1.5
1.4	1.4	1.4	1.4	1.4	1.4	1.4	1.4	1.4	1.4
3.0	3.0	3.0	3.0	3.0	3.0	3.0	3.0	3.0	3.0
4.6	4.6	4.6	4.6	4.6	4.6	4.6	4.6	4.6	4.6
3.7	3.7	3.7	3.7	3.7	3.7	3.7	3.7	3.7	3.7
2.0	2.0	2.0	2.0	2.0	2.0	2.0	2.0	2.0	2.0
1.2	1.2	1.2	1.2	1.2	1.2	1.2	1.2	1.2	1.2
0.7	0.7	0.7	0.7	0.7	0.7	0.7	0.7	0.7	0.7
2.5	2.5	2.5	2.5	2.5	2.5	2.5	2.5	2.5	2.5
1.4	1.4	1.4	1.4	1.4	1.4	1.4	1.4	1.4	1.4
0.7	0.7	0.7	0.7	0.7	0.7	0.7	0.7	0.7	0.7
2.0	2.0	2.0	2.0	2.0	2.0	2.0	2.0	2.0	2.0
3.5	3.5	3.5	3.5	3.5	3.5	3.5	3.5	3.5	3.5
4.4	4.4	4.4	4.4	4.4	4.4	4.4	4.4	4.4	4.4
]
