N_MACHINES:10	N_JOBS:200	CHARGING_TIME:60	INITIAL_CHARGE:10
D:[
14	14	14	14	14	14	14	14	14	14
45	45	45	45	45	45	45	45	45	45
45	45	45	45	45	45	45	45	45	45
76	76	76	76	76	76	76	76	76	76
12	12	12	12	12	12	12	12	12	12
28	28	28	28	28	28	28	28	28	28
24	24	24	24	24	24	24	24	24	24
16	16	16	16	16	16	16	16	16	16
33	33	33	33	33	33	33	33	33	33
8	8	8	8	8	8	8	8	8	8
10	10	10	10	10	10	10	10	10	10
80	80	80	80	80	80	80	80	80	80
23	23	23	23	23	23	23	23	23	23
14	14	14	14	14	14	14	14	14	14
21	21	21	21	21	21	21	21	21	21
53	53	53	53	53	53	53	53	53	53
39	39	39	39	39	39	39	39	39	39
22	22	22	22	22	22	22	22	22	22
30	30	30	30	30	30	30	30	30	30
55	55	55	55	55	55	55	55	55	55
27	27	27	27	27	27	27	27	27	27
20	20	20	20	20	20	20	20	20	20
72	72	72	72	72	72	72	72	72	72
47	47	47	47	47	47	47	47	47	47
54	54	54	54	54	54	54	54	54	54
34	34	34	34	34	34	34	34	34	34
0	0	0	0	0	0	0	0	0	0
0	0	0	0	0	0	0	0	0	0
29	29	29	29	29	29	29	29	29	29
68	68	68	68	68	68	68	68	68	68
39	39	39	39	39	39	39	39	39	39
16	16	16	16	16	16	16	16	16	16
47	47	47	47	47	47	47	47	47	47
10	10	10	10	10	10	10	10	10	10
14	14	14	14	14	14	14	14	14	14
15	15	15	15	15	15	15	15	15	15
84	84	84	84	84	84	84	84	84	84
19	19	19	19	19	19	19	19	19	19
47	47	47	47	47	47	47	47	47	47
49	49	49	49	49	49	49	49	49	49
67	67	67	67	67	67	67	67	67	67
12	12	12	12	12	12	12	12	12	12
12	12	12	12	12	12	12	12	12	12
80	80	80	80	80	80	80	80	80	80
5	5	5	5	5	5	5	5	5	5
7	7	7	7	7	7	7	7	7	7
73	73	73	73	73	73	73	73	73	73
56	56	56	56	56	56	56	56	56	56
70	70	70	70	70	70	70	70	70	70
87	87	87	87	87	87	87	87	87	87
3	3	3	3	3	3	3	3	3	3
47	47	47	47	47	47	47	47	47	47
74	74	74	74	74	74	74	74	74	74
10	10	10	10	10	10	10	10	10	10
33	33	33	33	33	33	33	33	33	33
48	48	48	48	48	48	48	48	48	48
61	61	61	61	61	61	61	61	61	61
13	13	13	13	13	13	13	13	13	13
17	17	17	17	17	17	17	17	17	17
18	18	18	18	18	18	18	18	18	18
20	20	20	20	20	20	20	20	20	20
64	64	64	64	64	64	64	64	64	64
48	48	48	48	48	48	48	48	48	48
85	85	85	85	85	85	85	85	85	85
37	37	37	37	37	37	37	37	37	37
20	20	20	20	20	20	20	20	20	20
24	24	24	24	24	24	24	24	24	24
26	26	26	26	26	26	26	26	26	26
5	5	5	5	5	5	5	5	5	5
18	18	18	18	18	18	18	18	18	18
59	59	59	59	59	59	59	59	59	59
13	13	13	13	13	13	13	13	13	13
66	66	66	66	66	66	66	66	66	66
61	61	61	61	61	61	61	61	61	61
21	21	21	21	21	21	21	21	21	21
47	47	47	47	47	47	47	47	47	47
11	11	11	11	11	11	11	11	11	11
12	12	12	12	12	12	12	12	12	12
38	38	38	38	38	38	38	38	38	38
53	53	53	53	53	53	53	53	53	53
31	31	31	31	31	31	31	31	31	31
26	26	26	26	26	26	26	26	26	26
56	56	56	56	56	56	56	56	56	56
12	12	12	12	12	12	12	12	12	12
11	11	11	11	11	11	11	11	11	11
29	29	29	29	29	29	29	29	29	29
65	65	65	65	65	65	65	65	65	65
35	35	35	35	35	35	35	35	35	35
20	20	20	20	20	20	20	20	20	20
48	48	48	48	48	48	48	48	48	48
68	68	68	68	68	68	68	68	68	68
82	82	82	82	82	82	82	82	82	82
33	33	33	33	33	33	33	33	33	33
32	32	32	32	32	32	32	32	32	32
38	38	38	38	38	38	38	38	38	38
52	52	52	52	52	52	52	52	52	52
25	25	25	25	25	25	25	25	25	25
71	71	71	71	71	71	71	71	71	71
66	66	66	66	66	66	66	66	66	66
30	30	30	30	30	30	30	30	30	30
56	56	56	56	56	56	56	56	56	56
58	58	58	58	58	58	58	58	58	58
36	36	36	36	36	36	36	36	36	36
37	37	37	37	37	37	37	37	37	37
28	28	28	28	28	28	28	28	28	28
55	55	55	55	55	55	55	55	55	55
63	63	63	63	63	63	63	63	63	63
29	29	29	29	29	29	29	29	29	29
34	34	34	34	34	34	34	34	34	34
32	32	32	32	32	32	32	32	32	32
101	101	101	101	101	101	101	101	101	101
17	17	17	17	17	17	17	17	17	17
78	78	78	78	78	78	78	78	78	78
58	58	58	58	58	58	58	58	58	58
5	5	5	5	5	5	5	5	5	5
77	77	77	77	77	77	77	77	77	77
31	31	31	31	31	31	31	31	31	31
22	22	22	22	22	22	22	22	22	22
63	63	63	63	63	63	63	63	63	63
5	5	5	5	5	5	5	5	5	5
68	68	68	68	68	68	68	68	68	68
23	23	23	23	23	23	23	23	23	23
43	43	43	43	43	43	43	43	43	43
41	41	41	41	41	41	41	41	41	41
9	9	9	9	9	9	9	9	9	9
33	33	33	33	33	33	33	33	33	33
12	12	12	12	12	12	12	12	12	12
93	93	93	93	93	93	93	93	93	93
61	61	61	61	61	61	61	61	61	61
33	33	33	33	33	33	33	33	33	33
35	35	35	35	35	35	35	35	35	35
68	68	68	68	68	68	68	68	68	68
15	15	15	15	15	15	15	15	15	15
90	90	90	90	90	90	90	90	90	90
9	9	9	9	9	9	9	9	9	9
13	13	13	13	13	13	13	13	13	13
46	46	46	46	46	46	46	46	46	46
81	81	81	81	81	81	81	81	81	81
14	14	14	14	14	14	14	14	14	14
73	73	73	73	73	73	73	73	73	73
52	52	52	52	52	52	52	52	52	52
74	74	74	74	74	74	74	74	74	74
22	22	22	22	22	22	22	22	22	22
11	11	11	11	11	11	11	11	11	11
8	8	8	8	8	8	8	8	8	8
16	16	16	16	16	16	16	16	16	16
25	25	25	25	25	25	25	25	25	25
58	58	58	58	58	58	58	58	58	58
14	14	14	14	14	14	14	14	14	14
39	39	39	39	39	39	39	39	39	39
16	16	16	16	16	16	16	16	16	16
27	27	27	27	27	27	27	27	27	27
62	62	62	62	62	62	62	62	62	62
5	5	5	5	5	5	5	5	5	5
61	61	61	61	61	61	61	61	61	61
42	42	42	42	42	42	42	42	42	42
0	0	0	0	0	0	0	0	0	0
47	47	47	47	47	47	47	47	47	47
14	14	14	14	14	14	14	14	14	14
6	6	6	6	6	6	6	6	6	6
38	38	38	38	38	38	38	38	38	38
37	37	37	37	37	37	37	37	37	37
31	31	31	31	31	31	31	31	31	31
41	41	41	41	41	41	41	41	41	41
45	45	45	45	45	45	45	45	45	45
4	4	4	4	4	4	4	4	4	4
54	54	54	54	54	54	54	54	54	54
34	34	34	34	34	34	34	34	34	34
68	68	68	68	68	68	68	68	68	68
15	15	15	15	15	15	15	15	15	15
45	45	45	45	45	45	45	45	45	45
19	19	19	19	19	19	19	19	19	19
8	8	8	8	8	8	8	8	8	8
5	5	5	5	5	5	5	5	5	5
59	59	59	59	59	59	59	59	59	59
70	70	70	70	70	70	70	70	70	70
82	82	82	82	82	82	82	82	82	82
36	36	36	36	36	36	36	36	36	36
46	46	46	46	46	46	46	46	46	46
36	36	36	36	36	36	36	36	36	36
35	35	35	35	35	35	35	35	35	35
16	16	16	16	16	16	16	16	16	16
50	50	50	50	50	50	50	50	50	50
95	95	95	95	95	95	95	95	95	95
91	91	91	91	91	91	91	91	91	91
23	23	23	23	23	23	23	23	23	23
5	5	5	5	5	5	5	5	5	5
39	39	39	39	39	39	39	39	39	39
40	40	40	40	40	40	40	40	40	40
22	22	22	22	22	22	22	22	22	22
65	65	65	65	65	65	65	65	65	65
46	46	46	46	46	46	46	46	46	46
63	63	63	63	63	63	63	63	63	63
33	33	33	33	33	33	33	33	33	33
37	37	37	37	37	37	37	37	37	37
22	22	22	22	22	22	22	22	22	22
18	18	18	18	18	18	18	18	18	18
22	22	22	22	22	22	22	22	22	22
70	70	70	70	70	70	70	70	70	70
21	21	21	21	21	21	21	21	21	21
]
w:[
2.8	2.8	2.8	2.8	2.8	2.8	2.8	2.8	2.8	2.8
4.5	4.5	4.5	4.5	4.5	4.5	4.5	4.5	4.5	4.5
1.1	1.1	1.1	1.1	1.1	1.1	1.1	1.1	1.1	1.1
1.7	1.7	1.7	1.7	1.7	1.7	1.7	1.7	1.7	1.7
4.0	4.0	4.0	4.0	4.0	4.0	4.0	4.0	4.0	4.0
1.3	1.3	1.3	1.3	1.3	1.3	1.3	1.3	1.3	1.3
2.0	2.0	2.0	2.0	2.0	2.0	2.0	2.0	2.0	2.0
0.2	0.2	0.2	0.2	0.2	0.2	0.2	0.2	0.2	0.2
1.1	1.1	1.1	1.1	1.1	1.1	1.1	1.1	1.1	1.1
1.0	1.0	1.0	1.0	1.0	1.0	1.0	1.0	1.0	1.0
1.4	1.4	1.4	1.4	1.4	1.4	1.4	1.4	1.4	1.4
0.9	0.9	0.9	0.9	0.9	0.9	0.9	0.9	0.9	0.9
2.9	2.9	2.9	2.9	2.9	2.9	2.9	2.9	2.9	2.9
1.8	1.8	1.8	1.8	1.8	1.8	1.8	1.8	1.8	1.8
1.0	1.0	1.0	1.0	1.0	1.0	1.0	1.0	1.0	1.0
3.8	3.8	3.8	3.8	3.8	3.8	3.8	3.8	3.8	3.8
0.9	0.9	0.9	0.9	0.9	0.9	0.9	0.9	0.9	0.9
4.4	4.4	4.4	4.4	4.4	4.4	4.4	4.4	4.4	4.4
3.6	3.6	3.6	3.6	3.6	3.6	3.6	3.6	3.6	3.6
0.8	0.8	0.8	0.8	0.8	0.8	0.8	0.8	0.8	0.8
2.7	2.7	2.7	2.7	2.7	2.7	2.7	2.7	2.7	2.7
4.1	4.1	4.1	4.1	4.1	4.1	4.1	4.1	4.1	4.1
0.8	0.8	0.8	0.8	0.8	0.8	0.8	0.8	0.8	0.8
4.4	4.4	4.4	4.4	4.4	4.4	4.4	4.4	4.4	4.4
2.5	2.5	2.5	2.5	2.5	2.5	2.5	2.5	2.5	2.5
0.1	0.1	0.1	0.1	0.1	0.1	0.1	0.1	0.1	0.1
3.7	3.7	3.7	3.7	3.7	3.7	3.7	3.7	3.7	3.7
0.5	0.5	0.5	0.5	0.5	0.5	0.5	0.5	0.5	0.5
1.5	1.5	1.5	1.5	1.5	1.5	1.5	1.5	1.5	1.5
1.6	1.6	1.6	1.6	1.6	1.6	1.6	1.6	1.6	1.6
1.0	1.0	1.0	1.0	1.0	1.0	1.0	1.0	1.0	1.0
4.1	4.1	4.1	4.1	4.1	4.1	4.1	4.1	4.1	4.1
1.7	1.7	1.7	1.7	1.7	1.7	1.7	1.7	1.7	1.7
1.2	1.2	1.2	1.2	1.2	1.2	1.2	1.2	1.2	1.2
1.8	1.8	1.8	1.8	1.8	1.8	1.8	1.8	1.8	1.8
2.1	2.1	2.1	2.1	2.1	2.1	2.1	2.1	2.1	2.1
5.0	5.0	5.0	5.0	5.0	5.0	5.0	5.0	5.0	5.0
2.3	2.3	2.3	2.3	2.3	2.3	2.3	2.3	2.3	2.3
1.7	1.7	1.7	1.7	1.7	1.7	1.7	1.7	1.7	1.7
0.3	0.3	0.3	0.3	0.3	0.3	0.3	0.3	0.3	0.3
2.0	2.0	2.0	2.0	2.0	2.0	2.0	2.0	2.0	2.0
2.2	2.2	2.2	2.2	2.2	2.2	2.2	2.2	2.2	2.2
1.2	1.2	1.2	1.2	1.2	1.2	1.2	1.2	1.2	1.2
2.1	2.1	2.1	2.1	2.1	2.1	2.1	2.1	2.1	2.1
4.2	4.2	4.2	4.2	4.2	4.2	4.2	4.2	4.2	4.2
6.3	6.3	6.3	6.3	6.3	6.3	6.3	6.3	6.3	6.3
2.5	2.5	2.5	2.5	2.5	2.5	2.5	2.5	2.5	2.5
4.4	4.4	4.4	4.4	4.4	4.4	4.4	4.4	4.4	4.4
2.2	2.2	2.2	2.2	2.2	2.2	2.2	2.2	2.2	2.2
0.8	0.8	0.8	0.8	0.8	0.8	0.8	0.8	0.8	0.8
1.8	1.8	1.8	1.8	1.8	1.8	1.8	1.8	1.8	1.8
2.5	2.5	2.5	2.5	2.5	2.5	2.5	2.5	2.5	2.5
1.2	1.2	1.2	1.2	1.2	1.2	1.2	1.2	1.2	1.2
2.2	2.2	2.2	2.2	2.2	2.2	2.2	2.2	2.2	2.2
1.0	1.0	1.0	1.0	1.0	1.0	1.0	1.0	1.0	1.0
2.3	2.3	2.3	2.3	2.3	2.3	2.3	2.3	2.3	2.3
1.9	1.9	1.9	1.9	1.9	1.9	1.9	1.9	1.9	1.9
1.6	1.6	1.6	1.6	1.6	1.6	1.6	1.6	1.6	1.6
2.7	2.7	2.7	2.7	2.7	2.7	2.7	2.7	2.7	2.7
4.9	4.9	4.9	4.9	4.9	4.9	4.9	4.9	4.9	4.9
0.6	0.6	0.6	0.6	0.6	0.6	0.6	0.6	0.6	0.6
2.3	2.3	2.3	2.3	2.3	2.3	2.3	2.3	2.3	2.3
4.2	4.2	4.2	4.2	4.2	4.2	4.2	4.2	4.2	4.2
1.8	1.8	1.8	1.8	1.8	1.8	1.8	1.8	1.8	1.8
3.1	3.1	3.1	3.1	3.1	3.1	3.1	3.1	3.1	3.1
4.3	4.3	4.3	4.3	4.3	4.3	4.3	4.3	4.3	4.3
4.0	4.0	4.0	4.0	4.0	4.0	4.0	4.0	4.0	4.0
2.8	2.8	2.8	2.8	2.8	2.8	2.8	2.8	2.8	2.8
2.3	2.3	2.3	2.3	2.3	2.3	2.3	2.3	2.3	2.3
3.1	3.1	3.1	3.1	3.1	3.1	3.1	3.1	3.1	3.1
0.6	0.6	0.6	0.6	0.6	0.6	0.6	0.6	0.6	0.6
2.9	2.9	2.9	2.9	2.9	2.9	2.9	2.9	2.9	2.9
3.4	3.4	3.4	3.4	3.4	3.4	3.4	3.4	3.4	3.4
4.5	4.5	4.5	4.5	4.5	4.5	4.5	4.5	4.5	4.5
3.7	3.7	3.7	3.7	3.7	3.7	3.7	3.7	3.7	3.7
4.5	4.5	4.5	4.5	4.5	4.5	4.5	4.5	4.5	4.5
0.6	0.6	0.6	0.6	0.6	0.6	0.6	0.6	0.6	0.6
3.6	3.6	3.6	3.6	3.6	3.6	3.6	3.6	3.6	3.6
0.6	0.6	0.6	0.6	0.6	0.6	0.6	0.6	0.6	0.6
3.7	3.7	3.7	3.7	3.7	3.7	3.7	3.7	3.7	3.7
1.1	1.1	1.1	1.1	1.1	1.1	1.1	1.1	1.1	1.1
2.6	2.6	2.6	2.6	2.6	2.6	2.6	2.6	2.6	2.6
3.5	3.5	3.5	3.5	3.5	3.5	3.5	3.5	3.5	3.5
4.0	4.0	4.0	4.0	4.0	4.0	4.0	4.0	4.0	4.0
5.2	5.2	5.2	5.2	5.2	5.2	5.2	5.2	5.2	5.2
4.6	4.6	4.6	4.6	4.6	4.6	4.6	4.6	4.6	4.6
1.8	1.8	1.8	1.8	1.8	1.8	1.8	1.8	1.8	1.8
0.4	0.4	0.4	0.4	0.4	0.4	0.4	0.4	0.4	0.4
3.1	3.1	3.1	3.1	3.1	3.1	3.1	3.1	3.1	3.1
0.5	0.5	0.5	0.5	0.5	0.5	0.5	0.5	0.5	0.5
2.4	2.4	2.4	2.4	2.4	2.4	2.4	2.4	2.4	2.4
2.3	2.3	2.3	2.3	2.3	2.3	2.3	2.3	2.3	2.3
4.7	4.7	4.7	4.7	4.7	4.7	4.7	4.7	4.7	4.7
1.1	1.1	1.1	1.1	1.1	1.1	1.1	1.1	1.1	1.1
1.7	1.7	1.7	1.7	1.7	1.7	1.7	1.7	1.7	1.7
1.9	1.9	1.9	1.9	1.9	1.9	1.9	1.9	1.9	1.9
3.8	3.8	3.8	3.8	3.8	3.8	3.8	3.8	3.8	3.8
0.5	0.5	0.5	0.5	0.5	0.5	0.5	0.5	0.5	0.5
1.0	1.0	1.0	1.0	1.0	1.0	1.0	1.0	1.0	1.0
0.9	0.9	0.9	0.9	0.9	0.9	0.9	0.9	0.9	0.9
1.3	1.3	1.3	1.3	1.3	1.3	1.3	1.3	1.3	1.3
2.6	2.6	2.6	2.6	2.6	2.6	2.6	2.6	2.6	2.6
2.2	2.2	2.2	2.2	2.2	2.2	2.2	2.2	2.2	2.2
3.6	3.6	3.6	3.6	3.6	3.6	3.6	3.6	3.6	3.6
3.3	3.3	3.3	3.3	3.3	3.3	3.3	3.3	3.3	3.3
0.8	0.8	0.8	0.8	0.8	0.8	0.8	0.8	0.8	0.8
6.3	6.3	6.3	6.3	6.3	6.3	6.3	6.3	6.3	6.3
2.0	2.0	2.0	2.0	2.0	2.0	2.0	2.0	2.0	2.0
0.1	0.1	0.1	0.1	0.1	0.1	0.1	0.1	0.1	0.1
3.5	3.5	3.5	3.5	3.5	3.5	3.5	3.5	3.5	3.5
5.2	5.2	5.2	5.2	5.2	5.2	5.2	5.2	5.2	5.2
2.9	2.9	2.9	2.9	2.9	2.9	2.9	2.9	2.9	2.9
2.0	2.0	2.0	2.0	2.0	2.0	2.0	2.0	2.0	2.0
4.8	4.8	4.8	4.8	4.8	4.8	4.8	4.8	4.8	4.8
4.8	4.8	4.8	4.8	4.8	4.8	4.8	4.8	4.8	4.8
2.8	2.8	2.8	2.8	2.8	2.8	2.8	2.8	2.8	2.8
2.8	2.8	2.8	2.8	2.8	2.8	2.8	2.8	2.8	2.8
2.4	2.4	2.4	2.4	2.4	2.4	2.4	2.4	2.4	2.4
0.7	0.7	0.7	0.7	0.7	0.7	0.7	0.7	0.7	0.7
2.0	2.0	2.0	2.0	2.0	2.0	2.0	2.0	2.0	2.0
3.8	3.8	3.8	3.8	3.8	3.8	3.8	3.8	3.8	3.8
2.3	2.3	2.3	2.3	2.3	2.3	2.3	2.3	2.3	2.3
0.3	0.3	0.3	0.3	0.3	0.3	0.3	0.3	0.3	0.3
2.3	2.3	2.3	2.3	2.3	2.3	2.3	2.3	2.3	2.3
2.9	2.9	2.9	2.9	2.9	2.9	2.9	2.9	2.9	2.9
1.4	1.4	1.4	1.4	1.4	1.4	1.4	1.4	1.4	1.4
1.4	1.4	1.4	1.4	1.4	1.4	1.4	1.4	1.4	1.4
3.7	3.7	3.7	3.7	3.7	3.7	3.7	3.7	3.7	3.7
1.7	1.7	1.7	1.7	1.7	1.7	1.7	1.7	1.7	1.7
1.3	1.3	1.3	1.3	1.3	1.3	1.3	1.3	1.3	1.3
5.4	5.4	5.4	5.4	5.4	5.4	5.4	5.4	5.4	5.4
4.4	4.4	4.4	4.4	4.4	4.4	4.4	4.4	4.4	4.4
2.1	2.1	2.1	2.1	2.1	2.1	2.1	2.1	2.1	2.1
3.2	3.2	3.2	3.2	3.2	3.2	3.2	3.2	3.2	3.2
1.3	1.3	1.3	1.3	1.3	1.3	1.3	1.3	1.3	1.3
0.3	0.3	0.3	0.3	0.3	0.3	0.3	0.3	0.3	0.3
1.2	1.2	1.2	1.2	1.2	1.2	1.2	1.2	1.2	1.2
5.3	5.3	5.3	5.3	5.3	5.3	5.3	5.3	5.3	5.3
5.9	5.9	5.9	5.9	5.9	5.9	5.9	5.9	5.9	5.9
2.1	2.1	2.1	2.1	2.1	2.1	2.1	2.1	2.1	2.1
2.1	2.1	2.1	2.1	2.1	2.1	2.1	2.1	2.1	2.1
2.9	2.9	2.9	2.9	2.9	2.9	2.9	2.9	2.9	2.9
3.8	3.8	3.8	3.8	3.8	3.8	3.8	3.8	3.8	3.8
1.4	1.4	1.4	1.4	1.4	1.4	1.4	1.4	1.4	1.4
1.8	1.8	1.8	1.8	1.8	1.8	1.8	1.8	1.8	1.8
0.2	0.2	0.2	0.2	0.2	0.2	0.2	0.2	0.2	0.2
0.6	0.6	0.6	0.6	0.6	0.6	0.6	0.6	0.6	0.6
1.0	1.0	1.0	1.0	1.0	1.0	1.0	1.0	1.0	1.0
4.0	4.0	4.0	4.0	4.0	4.0	4.0	4.0	4.0	4.0
0.6	0.6	0.6	0.6	0.6	0.6	0.6	0.6	0.6	0.6
3.5	3.5	3.5	3.5	3.5	3.5	3.5	3.5	3.5	3.5
3.2	3.2	3.2	3.2	3.2	3.2	3.2	3.2	3.2	3.2
2.2	2.2	2.2	2.2	2.2	2.2	2.2	2.2	2.2	2.2
2.0	2.0	2.0	2.0	2.0	2.0	2.0	2.0	2.0	2.0
3.9	3.9	3.9	3.9	3.9	3.9	3.9	3.9	3.9	3.9
0.4	0.4	0.4	0.4	0.4	0.4	0.4	0.4	0.4	0.4
2.2	2.2	2.2	2.2	2.2	2.2	2.2	2.2	2.2	2.2
2.9	2.9	2.9	2.9	2.9	2.9	2.9	2.9	2.9	2.9
0.7	0.7	0.7	0.7	0.7	0.7	0.7	0.7	0.7	0.7
1.8	1.8	1.8	1.8	1.8	1.8	1.8	1.8	1.8	1.8
1.7	1.7	1.7	1.7	1.7	1.7	1.7	1.7	1.7	1.7
3.3	3.3	3.3	3.3	3.3	3.3	3.3	3.3	3.3	3.3
1.6	1.6	1.6	1.6	1.6	1.6	1.6	1.6	1.6	1.6
1.4	1.4	1.4	1.4	1.4	1.4	1.4	1.4	1.4	1.4
3.5	3.5	3.5	3.5	3.5	3.5	3.5	3.5	3.5	3.5
2.9	2.9	2.9	2.9	2.9	2.9	2.9	2.9	2.9	2.9
3.6	3.6	3.6	3.6	3.6	3.6	3.6	3.6	3.6	3.6
2.6	2.6	2.6	2.6	2.6	2.6	2.6	2.6	2.6	2.6
2.2	2.2	2.2	2.2	2.2	2.2	2.2	2.2	2.2	2.2
0.6	0.6	0.6	0.6	0.6	0.6	0.6	0.6	0.6	0.6
2.2	2.2	2.2	2.2	2.2	2.2	2.2	2.2	2.2	2.2
1.0	1.0	1.0	1.0	1.0	1.0	1.0	1.0	1.0	1.0
2.8	2.8	2.8	2.8	2.8	2.8	2.8	2.8	2.8	2.8
1.1	1.1	1.1	1.1	1.1	1.1	1.1	1.1	1.1	1.1
3.8	3.8	3.8	3.8	3.8	3.8	3.8	3.8	3.8	3.8
1.8	1.8	1.8	1.8	1.8	1.8	1.8	1.8	1.8	1.8
3.8	3.8	3.8	3.8	3.8	3.8	3.8	3.8	3.8	3.8
2.5	2.5	2.5	2.5	2.5	2.5	2.5	2.5	2.5	2.5
2.2	2.2	2.2	2.2	2.2	2.2	2.2	2.2	2.2	2.2
2.1	2.1	2.1	2.1	2.1	2.1	2.1	2.1	2.1	2.1
4.1	4.1	4.1	4.1	4.1	4.1	4.1	4.1	4.1	4.1
3.2	3.2	3.2	3.2	3.2	3.2	3.2	3.2	3.2	3.2
0.7	0.7	0.7	0.7	0.7	0.7	0.7	0.7	0.7	0.7
2.3	2.3	2.3	2.3	2.3	2.3	2.3	2.3	2.3	2.3
3.2	3.2	3.2	3.2	3.2	3.2	3.2	3.2	3.2	3.2
0.6	0.6	0.6	0.6	0.6	0.6	0.6	0.6	0.6	0.6
2.5	2.5	2.5	2.5	2.5	2.5	2.5	2.5	2.5	2.5
2.0	2.0	2.0	2.0	2.0	2.0	2.0	2.0	2.0	2.0
6.0	6.0	6.0	6.0	6.0	6.0	6.0	6.0	6.0	6.0
3.9	3.9	3.9	3.9	3.9	3.9	3.9	3.9	3.9	3.9
0.7	0.7	0.7	0.7	0.7	0.7	0.7	0.7	0.7	0.7
3.6	3.6	3.6	3.6	3.6	3.6	3.6	3.6	3.6	3.6
2.4	2.4	2.4	2.4	2.4	2.4	2.4	2.4	2.4	2.4
0.6	0.6	0.6	0.6	0.6	0.6	0.6	0.6	0.6	0.6
3.2	3.2	3.2	3.2	3.2	3.2	3.2	3.2	3.2	3.2
2.4	2.4	2.4	2.4	2.4	2.4	2.4	2.4	2.4	2.4
6.6	6.6	6.6	6.6	6.6	6.6	6.6	6.6	6.6	6.6
2.1	2.1	2.1	2.1	2.1	2.1	2.1	2.1	2.1	2.1
3.5	3.5	3.5	3.5	3.5	3.5	3.5	3.5	3.5	3.5
5.6	5.6	5.6	5.6	5.6	5.6	5.6	5.6	5.6	5.6
]
