N_MACHINES:10	N_JOBS:50	CHARGING_TIME:60	INITIAL_CHARGE:10
D:[
22	22	22	22	22	22	22	22	22	22
25	25	25	25	25	25	25	25	25	25
39	39	39	39	39	39	39	39	39	39
12	12	12	12	12	12	12	12	12	12
4	4	4	4	4	4	4	4	4	4
57	57	57	57	57	57	57	57	57	57
25	25	25	25	25	25	25	25	25	25
26	26	26	26	26	26	26	26	26	26
19	19	19	19	19	19	19	19	19	19
40	40	40	40	40	40	40	40	40	40
22	22	22	22	22	22	22	22	22	22
47	47	47	47	47	47	47	47	47	47
28	28	28	28	28	28	28	28	28	28
6	6	6	6	6	6	6	6	6	6
8	8	8	8	8	8	8	8	8	8
34	34	34	34	34	34	34	34	34	34
64	64	64	64	64	64	64	64	64	64
45	45	45	45	45	45	45	45	45	45
44	44	44	44	44	44	44	44	44	44
27	27	27	27	27	27	27	27	27	27
19	19	19	19	19	19	19	19	19	19
8	8	8	8	8	8	8	8	8	8
6	6	6	6	6	6	6	6	6	6
17	17	17	17	17	17	17	17	17	17
14	14	14	14	14	14	14	14	14	14
24	24	24	24	24	24	24	24	24	24
6	6	6	6	6	6	6	6	6	6
41	41	41	41	41	41	41	41	41	41
32	32	32	32	32	32	32	32	32	32
38	38	38	38	38	38	38	38	38	38
25	25	25	25	25	25	25	25	25	25
24	24	24	24	24	24	24	24	24	24
26	26	26	26	26	26	26	26	26	26
30	30	30	30	30	30	30	30	30	30
26	26	26	26	26	26	26	26	26	26
12	12	12	12	12	12	12	12	12	12
44	44	44	44	44	44	44	44	44	44
33	33	33	33	33	33	33	33	33	33
9	9	9	9	9	9	9	9	9	9
7	7	7	7	7	7	7	7	7	7
1	1	1	1	1	1	1	1	1	1
40	40	40	40	40	40	40	40	40	40
12	12	12	12	12	12	12	12	12	12
40	40	40	40	40	40	40	40	40	40
1	1	1	1	1	1	1	1	1	1
25	25	25	25	25	25	25	25	25	25
12	12	12	12	12	12	12	12	12	12
15	15	15	15	15	15	15	15	15	15
3	3	3	3	3	3	3	3	3	3
16	16	16	16	16	16	16	16	16	16
]
w:[
0.8	0.8	0.8	0.8	0.8	0.8	0.8	0.8	0.8	0.8
4.2	4.2	4.2	4.2	4.2	4.2	4.2	4.2	4.2	4.2
8.4	8.4	8.4	8.4	8.4	8.4	8.4	8.4	8.4	8.4
3.4	3.4	3.4	3.4	3.4	3.4	3.4	3.4	3.4	3.4
2.2	2.2	2.2	2.2	2.2	2.2	2.2	2.2	2.2	2.2
6.0	6.0	6.0	6.0	6.0	6.0	6.0	6.0	6.0	6.0
4.1	4.1	4.1	4.1	4.1	4.1	4.1	4.1	4.1	4.1
4.3	4.3	4.3	4.3	4.3	4.3	4.3	4.3	4.3	4.3
5.4	5.4	5.4	5.4	5.4	5.4	5.4	5.4	5.4	5.4
4.1	4.1	4.1	4.1	4.1	4.1	4.1	4.1	4.1	4.1
3.6	3.6	3.6	3.6	3.6	3.6	3.6	3.6	3.6	3.6
4.6	4.6	4.6	4.6	4.6	4.6	4.6	4.6	4.6	4.6
1.4	1.4	1.4	1.4	1.4	1.4	1.4	1.4	1.4	1.4
6.4	6.4	6.4	6.4	6.4	6.4	6.4	6.4	6.4	6.4
7.3	7.3	7.3	7.3	7.3	7.3	7.3	7.3	7.3	7.3
6.4	6.4	6.4	6.4	6.4	6.4	6.4	6.4	6.4	6.4
4.6	4.6	4.6	4.6	4.6	4.6	4.6	4.6	4.6	4.6
9.8	9.8	9.8	9.8	9.8	9.8	9.8	9.8	9.8	9.8
8.3	8.3	8.3	8.3	8.3	8.3	8.3	8.3	8.3	8.3
3.6	3.6	3.6	3.6	3.6	3.6	3.6	3.6	3.6	3.6
6.1	6.1	6.1	6.1	6.1	6.1	6.1	6.1	6.1	6.1
0.7	0.7	0.7	0.7	0.7	0.7	0.7	0.7	0.7	0.7
0.8	0.8	0.8	0.8	0.8	0.8	0.8	0.8	0.8	0.8
7.5	7.5	7.5	7.5	7.5	7.5	7.5	7.5	7.5	7.5
4.5	4.5	4.5	4.5	4.5	4.5	4.5	4.5	4.5	4.5
3.8	3.8	3.8	3.8	3.8	3.8	3.8	3.8	3.8	3.8
3.4	3.4	3.4	3.4	3.4	3.4	3.4	3.4	3.4	3.4
1.4	1.4	1.4	1.4	1.4	1.4	1.4	1.4	1.4	1.4
0.8	0.8	0.8	0.8	0.8	0.8	0.8	0.8	0.8	0.8
3.3	3.3	3.3	3.3	3.3	3.3	3.3	3.3	3.3	3.3
6.1	6.1	6.1	6.1	6.1	6.1	6.1	6.1	6.1	6.1
5.0	5.0	5.0	5.0	5.0	5.0	5.0	5.0	5.0	5.0
4.3	4.3	4.3	4.3	4.3	4.3	4.3	4.3	4.3	4.3
3.8	3.8	3.8	3.8	3.8	3.8	3.8	3.8	3.8	3.8
4.0	4.0	4.0	4.0	4.0	4.0	4.0	4.0	4.0	4.0
2.0	2.0	2.0	2.0	2.0	2.0	2.0	2.0	2.0	2.0
7.0	7.0	7.0	7.0	7.0	7.0	7.0	7.0	7.0	7.0
8.4	8.4	8.4	8.4	8.4	8.4	8.4	8.4	8.4	8.4
9.2	9.2	9.2	9.2	9.2	9.2	9.2	9.2	9.2	9.2
5.9	5.9	5.9	5.9	5.9	5.9	5.9	5.9	5.9	5.9
9.4	9.4	9.4	9.4	9.4	9.4	9.4	9.4	9.4	9.4
3.1	3.1	3.1	3.1	3.1	3.1	3.1	3.1	3.1	3.1
3.3	3.3	3.3	3.3	3.3	3.3	3.3	3.3	3.3	3.3
3.4	3.4	3.4	3.4	3.4	3.4	3.4	3.4	3.4	3.4
1.7	1.7	1.7	1.7	1.7	1.7	1.7	1.7	1.7	1.7
7.2	7.2	7.2	7.2	7.2	7.2	7.2	7.2	7.2	7.2
5.9	5.9	5.9	5.9	5.9	5.9	5.9	5.9	5.9	5.9
3.9	3.9	3.9	3.9	3.9	3.9	3.9	3.9	3.9	3.9
2.3	2.3	2.3	2.3	2.3	2.3	2.3	2.3	2.3	2.3
4.1	4.1	4.1	4.1	4.1	4.1	4.1	4.1	4.1	4.1
]
