N_MACHINES:10	N_JOBS:150	CHARGING_TIME:60	INITIAL_CHARGE:10
D:[
30	30	30	30	30	30	30	30	30	30
34	34	34	34	34	34	34	34	34	34
50	50	50	50	50	50	50	50	50	50
19	19	19	19	19	19	19	19	19	19
88	88	88	88	88	88	88	88	88	88
13	13	13	13	13	13	13	13	13	13
18	18	18	18	18	18	18	18	18	18
5	5	5	5	5	5	5	5	5	5
51	51	51	51	51	51	51	51	51	51
6	6	6	6	6	6	6	6	6	6
103	103	103	103	103	103	103	103	103	103
104	104	104	104	104	104	104	104	104	104
18	18	18	18	18	18	18	18	18	18
75	75	75	75	75	75	75	75	75	75
42	42	42	42	42	42	42	42	42	42
16	16	16	16	16	16	16	16	16	16
14	14	14	14	14	14	14	14	14	14
10	10	10	10	10	10	10	10	10	10
48	48	48	48	48	48	48	48	48	48
32	32	32	32	32	32	32	32	32	32
59	59	59	59	59	59	59	59	59	59
25	25	25	25	25	25	25	25	25	25
25	25	25	25	25	25	25	25	25	25
83	83	83	83	83	83	83	83	83	83
45	45	45	45	45	45	45	45	45	45
4	4	4	4	4	4	4	4	4	4
58	58	58	58	58	58	58	58	58	58
31	31	31	31	31	31	31	31	31	31
57	57	57	57	57	57	57	57	57	57
35	35	35	35	35	35	35	35	35	35
51	51	51	51	51	51	51	51	51	51
52	52	52	52	52	52	52	52	52	52
43	43	43	43	43	43	43	43	43	43
72	72	72	72	72	72	72	72	72	72
44	44	44	44	44	44	44	44	44	44
29	29	29	29	29	29	29	29	29	29
33	33	33	33	33	33	33	33	33	33
54	54	54	54	54	54	54	54	54	54
54	54	54	54	54	54	54	54	54	54
49	49	49	49	49	49	49	49	49	49
17	17	17	17	17	17	17	17	17	17
43	43	43	43	43	43	43	43	43	43
2	2	2	2	2	2	2	2	2	2
23	23	23	23	23	23	23	23	23	23
54	54	54	54	54	54	54	54	54	54
46	46	46	46	46	46	46	46	46	46
83	83	83	83	83	83	83	83	83	83
21	21	21	21	21	21	21	21	21	21
25	25	25	25	25	25	25	25	25	25
30	30	30	30	30	30	30	30	30	30
21	21	21	21	21	21	21	21	21	21
18	18	18	18	18	18	18	18	18	18
18	18	18	18	18	18	18	18	18	18
25	25	25	25	25	25	25	25	25	25
29	29	29	29	29	29	29	29	29	29
37	37	37	37	37	37	37	37	37	37
21	21	21	21	21	21	21	21	21	21
14	14	14	14	14	14	14	14	14	14
64	64	64	64	64	64	64	64	64	64
23	23	23	23	23	23	23	23	23	23
42	42	42	42	42	42	42	42	42	42
45	45	45	45	45	45	45	45	45	45
12	12	12	12	12	12	12	12	12	12
40	40	40	40	40	40	40	40	40	40
30	30	30	30	30	30	30	30	30	30
20	20	20	20	20	20	20	20	20	20
19	19	19	19	19	19	19	19	19	19
35	35	35	35	35	35	35	35	35	35
42	42	42	42	42	42	42	42	42	42
23	23	23	23	23	23	23	23	23	23
24	24	24	24	24	24	24	24	24	24
44	44	44	44	44	44	44	44	44	44
20	20	20	20	20	20	20	20	20	20
18	18	18	18	18	18	18	18	18	18
74	74	74	74	74	74	74	74	74	74
65	65	65	65	65	65	65	65	65	65
34	34	34	34	34	34	34	34	34	34
73	73	73	73	73	73	73	73	73	73
77	77	77	77	77	77	77	77	77	77
48	48	48	48	48	48	48	48	48	48
47	47	47	47	47	47	47	47	47	47
44	44	44	44	44	44	44	44	44	44
37	37	37	37	37	37	37	37	37	37
9	9	9	9	9	9	9	9	9	9
12	12	12	12	12	12	12	12	12	12
80	80	80	80	80	80	80	80	80	80
28	28	28	28	28	28	28	28	28	28
60	60	60	60	60	60	60	60	60	60
7	7	7	7	7	7	7	7	7	7
26	26	26	26	26	26	26	26	26	26
53	53	53	53	53	53	53	53	53	53
39	39	39	39	39	39	39	39	39	39
75	75	75	75	75	75	75	75	75	75
0	0	0	0	0	0	0	0	0	0
36	36	36	36	36	36	36	36	36	36
15	15	15	15	15	15	15	15	15	15
15	15	15	15	15	15	15	15	15	15
35	35	35	35	35	35	35	35	35	35
76	76	76	76	76	76	76	76	76	76
30	30	30	30	30	30	30	30	30	30
74	74	74	74	74	74	74	74	74	74
55	55	55	55	55	55	55	55	55	55
19	19	19	19	19	19	19	19	19	19
30	30	30	30	30	30	30	30	30	30
11	11	11	11	11	11	11	11	11	11
6	6	6	6	6	6	6	6	6	6
46	46	46	46	46	46	46	46	46	46
61	61	61	61	61	61	61	61	61	61
92	92	92	92	92	92	92	92	92	92
50	50	50	50	50	50	50	50	50	50
71	71	71	71	71	71	71	71	71	71
49	49	49	49	49	49	49	49	49	49
5	5	5	5	5	5	5	5	5	5
19	19	19	19	19	19	19	19	19	19
3	3	3	3	3	3	3	3	3	3
51	51	51	51	51	51	51	51	51	51
4	4	4	4	4	4	4	4	4	4
58	58	58	58	58	58	58	58	58	58
14	14	14	14	14	14	14	14	14	14
53	53	53	53	53	53	53	53	53	53
57	57	57	57	57	57	57	57	57	57
23	23	23	23	23	23	23	23	23	23
61	61	61	61	61	61	61	61	61	61
60	60	60	60	60	60	60	60	60	60
9	9	9	9	9	9	9	9	9	9
35	35	35	35	35	35	35	35	35	35
48	48	48	48	48	48	48	48	48	48
65	65	65	65	65	65	65	65	65	65
19	19	19	19	19	19	19	19	19	19
49	49	49	49	49	49	49	49	49	49
20	20	20	20	20	20	20	20	20	20
13	13	13	13	13	13	13	13	13	13
43	43	43	43	43	43	43	43	43	43
35	35	35	35	35	35	35	35	35	35
10	10	10	10	10	10	10	10	10	10
17	17	17	17	17	17	17	17	17	17
26	26	26	26	26	26	26	26	26	26
63	63	63	63	63	63	63	63	63	63
45	45	45	45	45	45	45	45	45	45
28	28	28	28	28	28	28	28	28	28
59	59	59	59	59	59	59	59	59	59
102	102	102	102	102	102	102	102	102	102
35	35	35	35	35	35	35	35	35	35
45	45	45	45	45	45	45	45	45	45
32	32	32	32	32	32	32	32	32	32
28	28	28	28	28	28	28	28	28	28
67	67	67	67	67	67	67	67	67	67
49	49	49	49	49	49	49	49	49	49
41	41	41	41	41	41	41	41	41	41
87	87	87	87	87	87	87	87	87	87
]
w:[
0.8	0.8	0.8	0.8	0.8	0.8	0.8	0.8	0.8	0.8
2.6	2.6	2.6	2.6	2.6	2.6	2.6	2.6	2.6	2.6
0.7	0.7	0.7	0.7	0.7	0.7	0.7	0.7	0.7	0.7
1.6	1.6	1.6	1.6	1.6	1.6	1.6	1.6	1.6	1.6
0.5	0.5	0.5	0.5	0.5	0.5	0.5	0.5	0.5	0.5
0.5	0.5	0.5	0.5	0.5	0.5	0.5	0.5	0.5	0.5
1.3	1.3	1.3	1.3	1.3	1.3	1.3	1.3	1.3	1.3
1.4	1.4	1.4	1.4	1.4	1.4	1.4	1.4	1.4	1.4
2.3	2.3	2.3	2.3	2.3	2.3	2.3	2.3	2.3	2.3
1.6	1.6	1.6	1.6	1.6	1.6	1.6	1.6	1.6	1.6
1.4	1.4	1.4	1.4	1.4	1.4	1.4	1.4	1.4	1.4
1.5	1.5	1.5	1.5	1.5	1.5	1.5	1.5	1.5	1.5
0.1	0.1	0.1	0.1	0.1	0.1	0.1	0.1	0.1	0.1
1.2	1.2	1.2	1.2	1.2	1.2	1.2	1.2	1.2	1.2
0.4	0.4	0.4	0.4	0.4	0.4	0.4	0.4	0.4	0.4
0.7	0.7	0.7	0.7	0.7	0.7	0.7	0.7	0.7	0.7
0.1	0.1	0.1	0.1	0.1	0.1	0.1	0.1	0.1	0.1
1.4	1.4	1.4	1.4	1.4	1.4	1.4	1.4	1.4	1.4
0.3	0.3	0.3	0.3	0.3	0.3	0.3	0.3	0.3	0.3
2.0	2.0	2.0	2.0	2.0	2.0	2.0	2.0	2.0	2.0
0.4	0.4	0.4	0.4	0.4	0.4	0.4	0.4	0.4	0.4
0.4	0.4	0.4	0.4	0.4	0.4	0.4	0.4	0.4	0.4
0.3	0.3	0.3	0.3	0.3	0.3	0.3	0.3	0.3	0.3
3.6	3.6	3.6	3.6	3.6	3.6	3.6	3.6	3.6	3.6
0.6	0.6	0.6	0.6	0.6	0.6	0.6	0.6	0.6	0.6
1.0	1.0	1.0	1.0	1.0	1.0	1.0	1.0	1.0	1.0
3.1	3.1	3.1	3.1	3.1	3.1	3.1	3.1	3.1	3.1
1.9	1.9	1.9	1.9	1.9	1.9	1.9	1.9	1.9	1.9
1.8	1.8	1.8	1.8	1.8	1.8	1.8	1.8	1.8	1.8
2.0	2.0	2.0	2.0	2.0	2.0	2.0	2.0	2.0	2.0
1.1	1.1	1.1	1.1	1.1	1.1	1.1	1.1	1.1	1.1
0.4	0.4	0.4	0.4	0.4	0.4	0.4	0.4	0.4	0.4
0.9	0.9	0.9	0.9	0.9	0.9	0.9	0.9	0.9	0.9
0.1	0.1	0.1	0.1	0.1	0.1	0.1	0.1	0.1	0.1
3.1	3.1	3.1	3.1	3.1	3.1	3.1	3.1	3.1	3.1
1.5	1.5	1.5	1.5	1.5	1.5	1.5	1.5	1.5	1.5
2.3	2.3	2.3	2.3	2.3	2.3	2.3	2.3	2.3	2.3
1.1	1.1	1.1	1.1	1.1	1.1	1.1	1.1	1.1	1.1
0.6	0.6	0.6	0.6	0.6	0.6	0.6	0.6	0.6	0.6
2.2	2.2	2.2	2.2	2.2	2.2	2.2	2.2	2.2	2.2
2.3	2.3	2.3	2.3	2.3	2.3	2.3	2.3	2.3	2.3
0.7	0.7	0.7	0.7	0.7	0.7	0.7	0.7	0.7	0.7
1.3	1.3	1.3	1.3	1.3	1.3	1.3	1.3	1.3	1.3
0.1	0.1	0.1	0.1	0.1	0.1	0.1	0.1	0.1	0.1
2.0	2.0	2.0	2.0	2.0	2.0	2.0	2.0	2.0	2.0
0.9	0.9	0.9	0.9	0.9	0.9	0.9	0.9	0.9	0.9
2.3	2.3	2.3	2.3	2.3	2.3	2.3	2.3	2.3	2.3
0.9	0.9	0.9	0.9	0.9	0.9	0.9	0.9	0.9	0.9
0.4	0.4	0.4	0.4	0.4	0.4	0.4	0.4	0.4	0.4
1.6	1.6	1.6	1.6	1.6	1.6	1.6	1.6	1.6	1.6
0.8	0.8	0.8	0.8	0.8	0.8	0.8	0.8	0.8	0.8
0.7	0.7	0.7	0.7	0.7	0.7	0.7	0.7	0.7	0.7
1.4	1.4	1.4	1.4	1.4	1.4	1.4	1.4	1.4	1.4
0.3	0.3	0.3	0.3	0.3	0.3	0.3	0.3	0.3	0.3
0.3	0.3	0.3	0.3	0.3	0.3	0.3	0.3	0.3	0.3
1.6	1.6	1.6	1.6	1.6	1.6	1.6	1.6	1.6	1.6
1.2	1.2	1.2	1.2	1.2	1.2	1.2	1.2	1.2	1.2
0.4	0.4	0.4	0.4	0.4	0.4	0.4	0.4	0.4	0.4
0.9	0.9	0.9	0.9	0.9	0.9	0.9	0.9	0.9	0.9
1.5	1.5	1.5	1.5	1.5	1.5	1.5	1.5	1.5	1.5
0.7	0.7	0.7	0.7	0.7	0.7	0.7	0.7	0.7	0.7
1.5	1.5	1.5	1.5	1.5	1.5	1.5	1.5	1.5	1.5
0.3	0.3	0.3	0.3	0.3	0.3	0.3	0.3	0.3	0.3
0.2	0.2	0.2	0.2	0.2	0.2	0.2	0.2	0.2	0.2
2.1	2.1	2.1	2.1	2.1	2.1	2.1	2.1	2.1	2.1
1.2	1.2	1.2	1.2	1.2	1.2	1.2	1.2	1.2	1.2
0.7	0.7	0.7	0.7	0.7	0.7	0.7	0.7	0.7	0.7
0.3	0.3	0.3	0.3	0.3	0.3	0.3	0.3	0.3	0.3
2.2	2.2	2.2	2.2	2.2	2.2	2.2	2.2	2.2	2.2
1.6	1.6	1.6	1.6	1.6	1.6	1.6	1.6	1.6	1.6
1.4	1.4	1.4	1.4	1.4	1.4	1.4	1.4	1.4	1.4
1.7	1.7	1.7	1.7	1.7	1.7	1.7	1.7	1.7	1.7
1.4	1.4	1.4	1.4	1.4	1.4	1.4	1.4	1.4	1.4
2.0	2.0	2.0	2.0	2.0	2.0	2.0	2.0	2.0	2.0
0.6	0.6	0.6	0.6	0.6	0.6	0.6	0.6	0.6	0.6
1.4	1.4	1.4	1.4	1.4	1.4	1.4	1.4	1.4	1.4
0.1	0.1	0.1	0.1	0.1	0.1	0.1	0.1	0.1	0.1
0.5	0.5	0.5	0.5	0.5	0.5	0.5	0.5	0.5	0.5
0.9	0.9	0.9	0.9	0.9	0.9	0.9	0.9	0.9	0.9
0.5	0.5	0.5	0.5	0.5	0.5	0.5	0.5	0.5	0.5
3.9	3.9	3.9	3.9	3.9	3.9	3.9	3.9	3.9	3.9
1.7	1.7	1.7	1.7	1.7	1.7	1.7	1.7	1.7	1.7
0.4	0.4	0.4	0.4	0.4	0.4	0.4	0.4	0.4	0.4
1.2	1.2	1.2	1.2	1.2	1.2	1.2	1.2	1.2	1.2
0.9	0.9	0.9	0.9	0.9	0.9	0.9	0.9	0.9	0.9
1.6	1.6	1.6	1.6	1.6	1.6	1.6	1.6	1.6	1.6
2.2	2.2	2.2	2.2	2.2	2.2	2.2	2.2	2.2	2.2
1.0	1.0	1.0	1.0	1.0	1.0	1.0	1.0	1.0	1.0
1.7	1.7	1.7	1.7	1.7	1.7	1.7	1.7	1.7	1.7
3.1	3.1	3.1	3.1	3.1	3.1	3.1	3.1	3.1	3.1
1.3	1.3	1.3	1.3	1.3	1.3	1.3	1.3	1.3	1.3
3.7	3.7	3.7	3.7	3.7	3.7	3.7	3.7	3.7	3.7
0.7	0.7	0.7	0.7	0.7	0.7	0.7	0.7	0.7	0.7
1.7	1.7	1.7	1.7	1.7	1.7	1.7	1.7	1.7	1.7
1.0	1.0	1.0	1.0	1.0	1.0	1.0	1.0	1.0	1.0
2.2	2.2	2.2	2.2	2.2	2.2	2.2	2.2	2.2	2.2
0.1	0.1	0.1	0.1	0.1	0.1	0.1	0.1	0.1	0.1
2.3	2.3	2.3	2.3	2.3	2.3	2.3	2.3	2.3	2.3
1.3	1.3	1.3	1.3	1.3	1.3	1.3	1.3	1.3	1.3
0.1	0.1	0.1	0.1	0.1	0.1	0.1	0.1	0.1	0.1
0.6	0.6	0.6	0.6	0.6	0.6	0.6	0.6	0.6	0.6
0.1	0.1	0.1	0.1	0.1	0.1	0.1	0.1	0.1	0.1
3.1	3.1	3.1	3.1	3.1	3.1	3.1	3.1	3.1	3.1
1.0	1.0	1.0	1.0	1.0	1.0	1.0	1.0	1.0	1.0
0.1	0.1	0.1	0.1	0.1	0.1	0.1	0.1	0.1	0.1
1.6	1.6	1.6	1.6	1.6	1.6	1.6	1.6	1.6	1.6
1.8	1.8	1.8	1.8	1.8	1.8	1.8	1.8	1.8	1.8
0.9	0.9	0.9	0.9	0.9	0.9	0.9	0.9	0.9	0.9
0.6	0.6	0.6	0.6	0.6	0.6	0.6	0.6	0.6	0.6
2.2	2.2	2.2	2.2	2.2	2.2	2.2	2.2	2.2	2.2
1.8	1.8	1.8	1.8	1.8	1.8	1.8	1.8	1.8	1.8
1.0	1.0	1.0	1.0	1.0	1.0	1.0	1.0	1.0	1.0
1.8	1.8	1.8	1.8	1.8	1.8	1.8	1.8	1.8	1.8
0.6	0.6	0.6	0.6	0.6	0.6	0.6	0.6	0.6	0.6
1.9	1.9	1.9	1.9	1.9	1.9	1.9	1.9	1.9	1.9
0.3	0.3	0.3	0.3	0.3	0.3	0.3	0.3	0.3	0.3
0.8	0.8	0.8	0.8	0.8	0.8	0.8	0.8	0.8	0.8
2.1	2.1	2.1	2.1	2.1	2.1	2.1	2.1	2.1	2.1
1.4	1.4	1.4	1.4	1.4	1.4	1.4	1.4	1.4	1.4
1.2	1.2	1.2	1.2	1.2	1.2	1.2	1.2	1.2	1.2
0.4	0.4	0.4	0.4	0.4	0.4	0.4	0.4	0.4	0.4
1.5	1.5	1.5	1.5	1.5	1.5	1.5	1.5	1.5	1.5
0.7	0.7	0.7	0.7	0.7	0.7	0.7	0.7	0.7	0.7
1.6	1.6	1.6	1.6	1.6	1.6	1.6	1.6	1.6	1.6
2.0	2.0	2.0	2.0	2.0	2.0	2.0	2.0	2.0	2.0
0.2	0.2	0.2	0.2	0.2	0.2	0.2	0.2	0.2	0.2
3.2	3.2	3.2	3.2	3.2	3.2	3.2	3.2	3.2	3.2
1.3	1.3	1.3	1.3	1.3	1.3	1.3	1.3	1.3	1.3
1.3	1.3	1.3	1.3	1.3	1.3	1.3	1.3	1.3	1.3
0.5	0.5	0.5	0.5	0.5	0.5	0.5	0.5	0.5	0.5
1.3	1.3	1.3	1.3	1.3	1.3	1.3	1.3	1.3	1.3
0.3	0.3	0.3	0.3	0.3	0.3	0.3	0.3	0.3	0.3
2.7	2.7	2.7	2.7	2.7	2.7	2.7	2.7	2.7	2.7
0.7	0.7	0.7	0.7	0.7	0.7	0.7	0.7	0.7	0.7
2.6	2.6	2.6	2.6	2.6	2.6	2.6	2.6	2.6	2.6
0.7	0.7	0.7	0.7	0.7	0.7	0.7	0.7	0.7	0.7
0.9	0.9	0.9	0.9	0.9	0.9	0.9	0.9	0.9	0.9
1.0	1.0	1.0	1.0	1.0	1.0	1.0	1.0	1.0	1.0
1.9	1.9	1.9	1.9	1.9	1.9	1.9	1.9	1.9	1.9
1.8	1.8	1.8	1.8	1.8	1.8	1.8	1.8	1.8	1.8
2.5	2.5	2.5	2.5	2.5	2.5	2.5	2.5	2.5	2.5
0.6	0.6	0.6	0.6	0.6	0.6	0.6	0.6	0.6	0.6
0.2	0.2	0.2	0.2	0.2	0.2	0.2	0.2	0.2	0.2
2.2	2.2	2.2	2.2	2.2	2.2	2.2	2.2	2.2	2.2
2.5	2.5	2.5	2.5	2.5	2.5	2.5	2.5	2.5	2.5
1.6	1.6	1.6	1.6	1.6	1.6	1.6	1.6	1.6	1.6
1.0	1.0	1.0	1.0	1.0	1.0	1.0	1.0	1.0	1.0
1.0	1.0	1.0	1.0	1.0	1.0	1.0	1.0	1.0	1.0
1.3	1.3	1.3	1.3	1.3	1.3	1.3	1.3	1.3	1.3
2.0	2.0	2.0	2.0	2.0	2.0	2.0	2.0	2.0	2.0
]
