N_MACHINES:10	N_JOBS:150	CHARGING_TIME:60	INITIAL_CHARGE:10
D:[
5	5	5	5	5	5	5	5	5	5
16	16	16	16	16	16	16	16	16	16
19	19	19	19	19	19	19	19	19	19
35	35	35	35	35	35	35	35	35	35
33	33	33	33	33	33	33	33	33	33
32	32	32	32	32	32	32	32	32	32
18	18	18	18	18	18	18	18	18	18
27	27	27	27	27	27	27	27	27	27
29	29	29	29	29	29	29	29	29	29
42	42	42	42	42	42	42	42	42	42
19	19	19	19	19	19	19	19	19	19
48	48	48	48	48	48	48	48	48	48
16	16	16	16	16	16	16	16	16	16
54	54	54	54	54	54	54	54	54	54
12	12	12	12	12	12	12	12	12	12
58	58	58	58	58	58	58	58	58	58
22	22	22	22	22	22	22	22	22	22
27	27	27	27	27	27	27	27	27	27
5	5	5	5	5	5	5	5	5	5
29	29	29	29	29	29	29	29	29	29
4	4	4	4	4	4	4	4	4	4
27	27	27	27	27	27	27	27	27	27
22	22	22	22	22	22	22	22	22	22
0	0	0	0	0	0	0	0	0	0
25	25	25	25	25	25	25	25	25	25
29	29	29	29	29	29	29	29	29	29
20	20	20	20	20	20	20	20	20	20
13	13	13	13	13	13	13	13	13	13
26	26	26	26	26	26	26	26	26	26
14	14	14	14	14	14	14	14	14	14
80	80	80	80	80	80	80	80	80	80
36	36	36	36	36	36	36	36	36	36
29	29	29	29	29	29	29	29	29	29
9	9	9	9	9	9	9	9	9	9
8	8	8	8	8	8	8	8	8	8
18	18	18	18	18	18	18	18	18	18
24	24	24	24	24	24	24	24	24	24
35	35	35	35	35	35	35	35	35	35
15	15	15	15	15	15	15	15	15	15
28	28	28	28	28	28	28	28	28	28
9	9	9	9	9	9	9	9	9	9
16	16	16	16	16	16	16	16	16	16
20	20	20	20	20	20	20	20	20	20
33	33	33	33	33	33	33	33	33	33
36	36	36	36	36	36	36	36	36	36
36	36	36	36	36	36	36	36	36	36
16	16	16	16	16	16	16	16	16	16
25	25	25	25	25	25	25	25	25	25
30	30	30	30	30	30	30	30	30	30
23	23	23	23	23	23	23	23	23	23
37	37	37	37	37	37	37	37	37	37
23	23	23	23	23	23	23	23	23	23
13	13	13	13	13	13	13	13	13	13
10	10	10	10	10	10	10	10	10	10
33	33	33	33	33	33	33	33	33	33
20	20	20	20	20	20	20	20	20	20
25	25	25	25	25	25	25	25	25	25
23	23	23	23	23	23	23	23	23	23
0	0	0	0	0	0	0	0	0	0
27	27	27	27	27	27	27	27	27	27
25	25	25	25	25	25	25	25	25	25
27	27	27	27	27	27	27	27	27	27
50	50	50	50	50	50	50	50	50	50
19	19	19	19	19	19	19	19	19	19
44	44	44	44	44	44	44	44	44	44
11	11	11	11	11	11	11	11	11	11
35	35	35	35	35	35	35	35	35	35
42	42	42	42	42	42	42	42	42	42
12	12	12	12	12	12	12	12	12	12
27	27	27	27	27	27	27	27	27	27
32	32	32	32	32	32	32	32	32	32
28	28	28	28	28	28	28	28	28	28
29	29	29	29	29	29	29	29	29	29
13	13	13	13	13	13	13	13	13	13
31	31	31	31	31	31	31	31	31	31
10	10	10	10	10	10	10	10	10	10
18	18	18	18	18	18	18	18	18	18
36	36	36	36	36	36	36	36	36	36
21	21	21	21	21	21	21	21	21	21
34	34	34	34	34	34	34	34	34	34
22	22	22	22	22	22	22	22	22	22
9	9	9	9	9	9	9	9	9	9
60	60	60	60	60	60	60	60	60	60
50	50	50	50	50	50	50	50	50	50
9	9	9	9	9	9	9	9	9	9
36	36	36	36	36	36	36	36	36	36
36	36	36	36	36	36	36	36	36	36
13	13	13	13	13	13	13	13	13	13
11	11	11	11	11	11	11	11	11	11
42	42	42	42	42	42	42	42	42	42
83	83	83	83	83	83	83	83	83	83
14	14	14	14	14	14	14	14	14	14
21	21	21	21	21	21	21	21	21	21
35	35	35	35	35	35	35	35	35	35
4	4	4	4	4	4	4	4	4	4
17	17	17	17	17	17	17	17	17	17
23	23	23	23	23	23	23	23	23	23
17	17	17	17	17	17	17	17	17	17
16	16	16	16	16	16	16	16	16	16
16	16	16	16	16	16	16	16	16	16
7	7	7	7	7	7	7	7	7	7
44	44	44	44	44	44	44	44	44	44
13	13	13	13	13	13	13	13	13	13
14	14	14	14	14	14	14	14	14	14
32	32	32	32	32	32	32	32	32	32
18	18	18	18	18	18	18	18	18	18
4	4	4	4	4	4	4	4	4	4
44	44	44	44	44	44	44	44	44	44
36	36	36	36	36	36	36	36	36	36
51	51	51	51	51	51	51	51	51	51
6	6	6	6	6	6	6	6	6	6
70	70	70	70	70	70	70	70	70	70
48	48	48	48	48	48	48	48	48	48
44	44	44	44	44	44	44	44	44	44
54	54	54	54	54	54	54	54	54	54
19	19	19	19	19	19	19	19	19	19
1	1	1	1	1	1	1	1	1	1
36	36	36	36	36	36	36	36	36	36
49	49	49	49	49	49	49	49	49	49
33	33	33	33	33	33	33	33	33	33
37	37	37	37	37	37	37	37	37	37
21	21	21	21	21	21	21	21	21	21
2	2	2	2	2	2	2	2	2	2
17	17	17	17	17	17	17	17	17	17
40	40	40	40	40	40	40	40	40	40
4	4	4	4	4	4	4	4	4	4
34	34	34	34	34	34	34	34	34	34
0	0	0	0	0	0	0	0	0	0
26	26	26	26	26	26	26	26	26	26
44	44	44	44	44	44	44	44	44	44
18	18	18	18	18	18	18	18	18	18
48	48	48	48	48	48	48	48	48	48
25	25	25	25	25	25	25	25	25	25
25	25	25	25	25	25	25	25	25	25
21	21	21	21	21	21	21	21	21	21
18	18	18	18	18	18	18	18	18	18
15	15	15	15	15	15	15	15	15	15
5	5	5	5	5	5	5	5	5	5
49	49	49	49	49	49	49	49	49	49
30	30	30	30	30	30	30	30	30	30
16	16	16	16	16	16	16	16	16	16
20	20	20	20	20	20	20	20	20	20
10	10	10	10	10	10	10	10	10	10
27	27	27	27	27	27	27	27	27	27
30	30	30	30	30	30	30	30	30	30
39	39	39	39	39	39	39	39	39	39
9	9	9	9	9	9	9	9	9	9
5	5	5	5	5	5	5	5	5	5
55	55	55	55	55	55	55	55	55	55
15	15	15	15	15	15	15	15	15	15
]
w:[
0.5	0.5	0.5	0.5	0.5	0.5	0.5	0.5	0.5	0.5
0.1	0.1	0.1	0.1	0.1	0.1	0.1	0.1	0.1	0.1
1.7	1.7	1.7	1.7	1.7	1.7	1.7	1.7	1.7	1.7
1.1	1.1	1.1	1.1	1.1	1.1	1.1	1.1	1.1	1.1
0.7	0.7	0.7	0.7	0.7	0.7	0.7	0.7	0.7	0.7
0.7	0.7	0.7	0.7	0.7	0.7	0.7	0.7	0.7	0.7
1.7	1.7	1.7	1.7	1.7	1.7	1.7	1.7	1.7	1.7
2.1	2.1	2.1	2.1	2.1	2.1	2.1	2.1	2.1	2.1
0.5	0.5	0.5	0.5	0.5	0.5	0.5	0.5	0.5	0.5
1.8	1.8	1.8	1.8	1.8	1.8	1.8	1.8	1.8	1.8
2.0	2.0	2.0	2.0	2.0	2.0	2.0	2.0	2.0	2.0
0.5	0.5	0.5	0.5	0.5	0.5	0.5	0.5	0.5	0.5
0.2	0.2	0.2	0.2	0.2	0.2	0.2	0.2	0.2	0.2
1.8	1.8	1.8	1.8	1.8	1.8	1.8	1.8	1.8	1.8
0.9	0.9	0.9	0.9	0.9	0.9	0.9	0.9	0.9	0.9
0.9	0.9	0.9	0.9	0.9	0.9	0.9	0.9	0.9	0.9
1.3	1.3	1.3	1.3	1.3	1.3	1.3	1.3	1.3	1.3
0.4	0.4	0.4	0.4	0.4	0.4	0.4	0.4	0.4	0.4
1.0	1.0	1.0	1.0	1.0	1.0	1.0	1.0	1.0	1.0
1.4	1.4	1.4	1.4	1.4	1.4	1.4	1.4	1.4	1.4
1.6	1.6	1.6	1.6	1.6	1.6	1.6	1.6	1.6	1.6
1.0	1.0	1.0	1.0	1.0	1.0	1.0	1.0	1.0	1.0
2.1	2.1	2.1	2.1	2.1	2.1	2.1	2.1	2.1	2.1
2.2	2.2	2.2	2.2	2.2	2.2	2.2	2.2	2.2	2.2
2.3	2.3	2.3	2.3	2.3	2.3	2.3	2.3	2.3	2.3
1.7	1.7	1.7	1.7	1.7	1.7	1.7	1.7	1.7	1.7
1.6	1.6	1.6	1.6	1.6	1.6	1.6	1.6	1.6	1.6
2.3	2.3	2.3	2.3	2.3	2.3	2.3	2.3	2.3	2.3
2.2	2.2	2.2	2.2	2.2	2.2	2.2	2.2	2.2	2.2
0.3	0.3	0.3	0.3	0.3	0.3	0.3	0.3	0.3	0.3
0.1	0.1	0.1	0.1	0.1	0.1	0.1	0.1	0.1	0.1
2.4	2.4	2.4	2.4	2.4	2.4	2.4	2.4	2.4	2.4
0.9	0.9	0.9	0.9	0.9	0.9	0.9	0.9	0.9	0.9
2.0	2.0	2.0	2.0	2.0	2.0	2.0	2.0	2.0	2.0
0.1	0.1	0.1	0.1	0.1	0.1	0.1	0.1	0.1	0.1
1.5	1.5	1.5	1.5	1.5	1.5	1.5	1.5	1.5	1.5
1.7	1.7	1.7	1.7	1.7	1.7	1.7	1.7	1.7	1.7
1.2	1.2	1.2	1.2	1.2	1.2	1.2	1.2	1.2	1.2
0.9	0.9	0.9	0.9	0.9	0.9	0.9	0.9	0.9	0.9
1.0	1.0	1.0	1.0	1.0	1.0	1.0	1.0	1.0	1.0
2.6	2.6	2.6	2.6	2.6	2.6	2.6	2.6	2.6	2.6
0.2	0.2	0.2	0.2	0.2	0.2	0.2	0.2	0.2	0.2
0.4	0.4	0.4	0.4	0.4	0.4	0.4	0.4	0.4	0.4
1.3	1.3	1.3	1.3	1.3	1.3	1.3	1.3	1.3	1.3
1.8	1.8	1.8	1.8	1.8	1.8	1.8	1.8	1.8	1.8
0.9	0.9	0.9	0.9	0.9	0.9	0.9	0.9	0.9	0.9
0.3	0.3	0.3	0.3	0.3	0.3	0.3	0.3	0.3	0.3
0.2	0.2	0.2	0.2	0.2	0.2	0.2	0.2	0.2	0.2
1.2	1.2	1.2	1.2	1.2	1.2	1.2	1.2	1.2	1.2
2.2	2.2	2.2	2.2	2.2	2.2	2.2	2.2	2.2	2.2
0.2	0.2	0.2	0.2	0.2	0.2	0.2	0.2	0.2	0.2
2.0	2.0	2.0	2.0	2.0	2.0	2.0	2.0	2.0	2.0
0.1	0.1	0.1	0.1	0.1	0.1	0.1	0.1	0.1	0.1
2.2	2.2	2.2	2.2	2.2	2.2	2.2	2.2	2.2	2.2
0.7	0.7	0.7	0.7	0.7	0.7	0.7	0.7	0.7	0.7
0.9	0.9	0.9	0.9	0.9	0.9	0.9	0.9	0.9	0.9
1.8	1.8	1.8	1.8	1.8	1.8	1.8	1.8	1.8	1.8
1.9	1.9	1.9	1.9	1.9	1.9	1.9	1.9	1.9	1.9
0.9	0.9	0.9	0.9	0.9	0.9	0.9	0.9	0.9	0.9
1.1	1.1	1.1	1.1	1.1	1.1	1.1	1.1	1.1	1.1
1.6	1.6	1.6	1.6	1.6	1.6	1.6	1.6	1.6	1.6
2.0	2.0	2.0	2.0	2.0	2.0	2.0	2.0	2.0	2.0
0.3	0.3	0.3	0.3	0.3	0.3	0.3	0.3	0.3	0.3
0.3	0.3	0.3	0.3	0.3	0.3	0.3	0.3	0.3	0.3
1.2	1.2	1.2	1.2	1.2	1.2	1.2	1.2	1.2	1.2
2.5	2.5	2.5	2.5	2.5	2.5	2.5	2.5	2.5	2.5
1.2	1.2	1.2	1.2	1.2	1.2	1.2	1.2	1.2	1.2
1.8	1.8	1.8	1.8	1.8	1.8	1.8	1.8	1.8	1.8
0.5	0.5	0.5	0.5	0.5	0.5	0.5	0.5	0.5	0.5
1.0	1.0	1.0	1.0	1.0	1.0	1.0	1.0	1.0	1.0
0.3	0.3	0.3	0.3	0.3	0.3	0.3	0.3	0.3	0.3
0.8	0.8	0.8	0.8	0.8	0.8	0.8	0.8	0.8	0.8
1.8	1.8	1.8	1.8	1.8	1.8	1.8	1.8	1.8	1.8
1.4	1.4	1.4	1.4	1.4	1.4	1.4	1.4	1.4	1.4
0.9	0.9	0.9	0.9	0.9	0.9	0.9	0.9	0.9	0.9
1.7	1.7	1.7	1.7	1.7	1.7	1.7	1.7	1.7	1.7
1.5	1.5	1.5	1.5	1.5	1.5	1.5	1.5	1.5	1.5
3.3	3.3	3.3	3.3	3.3	3.3	3.3	3.3	3.3	3.3
0.7	0.7	0.7	0.7	0.7	0.7	0.7	0.7	0.7	0.7
2.8	2.8	2.8	2.8	2.8	2.8	2.8	2.8	2.8	2.8
1.9	1.9	1.9	1.9	1.9	1.9	1.9	1.9	1.9	1.9
1.6	1.6	1.6	1.6	1.6	1.6	1.6	1.6	1.6	1.6
0.5	0.5	0.5	0.5	0.5	0.5	0.5	0.5	0.5	0.5
1.0	1.0	1.0	1.0	1.0	1.0	1.0	1.0	1.0	1.0
1.4	1.4	1.4	1.4	1.4	1.4	1.4	1.4	1.4	1.4
0.3	0.3	0.3	0.3	0.3	0.3	0.3	0.3	0.3	0.3
0.7	0.7	0.7	0.7	0.7	0.7	0.7	0.7	0.7	0.7
1.7	1.7	1.7	1.7	1.7	1.7	1.7	1.7	1.7	1.7
3.2	3.2	3.2	3.2	3.2	3.2	3.2	3.2	3.2	3.2
3.1	3.1	3.1	3.1	3.1	3.1	3.1	3.1	3.1	3.1
0.3	0.3	0.3	0.3	0.3	0.3	0.3	0.3	0.3	0.3
1.8	1.8	1.8	1.8	1.8	1.8	1.8	1.8	1.8	1.8
1.4	1.4	1.4	1.4	1.4	1.4	1.4	1.4	1.4	1.4
1.3	1.3	1.3	1.3	1.3	1.3	1.3	1.3	1.3	1.3
0.4	0.4	0.4	0.4	0.4	0.4	0.4	0.4	0.4	0.4
2.4	2.4	2.4	2.4	2.4	2.4	2.4	2.4	2.4	2.4
1.5	1.5	1.5	1.5	1.5	1.5	1.5	1.5	1.5	1.5
1.5	1.5	1.5	1.5	1.5	1.5	1.5	1.5	1.5	1.5
1.3	1.3	1.3	1.3	1.3	1.3	1.3	1.3	1.3	1.3
1.4	1.4	1.4	1.4	1.4	1.4	1.4	1.4	1.4	1.4
0.6	0.6	0.6	0.6	0.6	0.6	0.6	0.6	0.6	0.6
0.7	0.7	0.7	0.7	0.7	0.7	0.7	0.7	0.7	0.7
1.3	1.3	1.3	1.3	1.3	1.3	1.3	1.3	1.3	1.3
3.4	3.4	3.4	3.4	3.4	3.4	3.4	3.4	3.4	3.4
0.9	0.9	0.9	0.9	0.9	0.9	0.9	0.9	0.9	0.9
0.6	0.6	0.6	0.6	0.6	0.6	0.6	0.6	0.6	0.6
0.4	0.4	0.4	0.4	0.4	0.4	0.4	0.4	0.4	0.4
0.9	0.9	0.9	0.9	0.9	0.9	0.9	0.9	0.9	0.9
0.3	0.3	0.3	0.3	0.3	0.3	0.3	0.3	0.3	0.3
0.4	0.4	0.4	0.4	0.4	0.4	0.4	0.4	0.4	0.4
2.7	2.7	2.7	2.7	2.7	2.7	2.7	2.7	2.7	2.7
0.8	0.8	0.8	0.8	0.8	0.8	0.8	0.8	0.8	0.8
0.8	0.8	0.8	0.8	0.8	0.8	0.8	0.8	0.8	0.8
1.1	1.1	1.1	1.1	1.1	1.1	1.1	1.1	1.1	1.1
1.8	1.8	1.8	1.8	1.8	1.8	1.8	1.8	1.8	1.8
2.2	2.2	2.2	2.2	2.2	2.2	2.2	2.2	2.2	2.2
0.6	0.6	0.6	0.6	0.6	0.6	0.6	0.6	0.6	0.6
2.2	2.2	2.2	2.2	2.2	2.2	2.2	2.2	2.2	2.2
0.8	0.8	0.8	0.8	0.8	0.8	0.8	0.8	0.8	0.8
1.4	1.4	1.4	1.4	1.4	1.4	1.4	1.4	1.4	1.4
1.7	1.7	1.7	1.7	1.7	1.7	1.7	1.7	1.7	1.7
1.4	1.4	1.4	1.4	1.4	1.4	1.4	1.4	1.4	1.4
0.9	0.9	0.9	0.9	0.9	0.9	0.9	0.9	0.9	0.9
2.2	2.2	2.2	2.2	2.2	2.2	2.2	2.2	2.2	2.2
1.1	1.1	1.1	1.1	1.1	1.1	1.1	1.1	1.1	1.1
1.8	1.8	1.8	1.8	1.8	1.8	1.8	1.8	1.8	1.8
1.7	1.7	1.7	1.7	1.7	1.7	1.7	1.7	1.7	1.7
2.9	2.9	2.9	2.9	2.9	2.9	2.9	2.9	2.9	2.9
1.5	1.5	1.5	1.5	1.5	1.5	1.5	1.5	1.5	1.5
0.9	0.9	0.9	0.9	0.9	0.9	0.9	0.9	0.9	0.9
1.7	1.7	1.7	1.7	1.7	1.7	1.7	1.7	1.7	1.7
1.5	1.5	1.5	1.5	1.5	1.5	1.5	1.5	1.5	1.5
1.2	1.2	1.2	1.2	1.2	1.2	1.2	1.2	1.2	1.2
0.6	0.6	0.6	0.6	0.6	0.6	0.6	0.6	0.6	0.6
1.2	1.2	1.2	1.2	1.2	1.2	1.2	1.2	1.2	1.2
0.3	0.3	0.3	0.3	0.3	0.3	0.3	0.3	0.3	0.3
0.1	0.1	0.1	0.1	0.1	0.1	0.1	0.1	0.1	0.1
0.4	0.4	0.4	0.4	0.4	0.4	0.4	0.4	0.4	0.4
2.4	2.4	2.4	2.4	2.4	2.4	2.4	2.4	2.4	2.4
1.5	1.5	1.5	1.5	1.5	1.5	1.5	1.5	1.5	1.5
1.8	1.8	1.8	1.8	1.8	1.8	1.8	1.8	1.8	1.8
0.1	0.1	0.1	0.1	0.1	0.1	0.1	0.1	0.1	0.1
1.9	1.9	1.9	1.9	1.9	1.9	1.9	1.9	1.9	1.9
0.2	0.2	0.2	0.2	0.2	0.2	0.2	0.2	0.2	0.2
2.7	2.7	2.7	2.7	2.7	2.7	2.7	2.7	2.7	2.7
2.7	2.7	2.7	2.7	2.7	2.7	2.7	2.7	2.7	2.7
1.0	1.0	1.0	1.0	1.0	1.0	1.0	1.0	1.0	1.0
1.0	1.0	1.0	1.0	1.0	1.0	1.0	1.0	1.0	1.0
1.1	1.1	1.1	1.1	1.1	1.1	1.1	1.1	1.1	1.1
0.5	0.5	0.5	0.5	0.5	0.5	0.5	0.5	0.5	0.5
]
