N_MACHINES:10	N_JOBS:50	CHARGING_TIME:60	INITIAL_CHARGE:10
D:[
12	12	12	12	12	12	12	12	12	12
0	0	0	0	0	0	0	0	0	0
35	35	35	35	35	35	35	35	35	35
7	7	7	7	7	7	7	7	7	7
19	19	19	19	19	19	19	19	19	19
5	5	5	5	5	5	5	5	5	5
27	27	27	27	27	27	27	27	27	27
12	12	12	12	12	12	12	12	12	12
11	11	11	11	11	11	11	11	11	11
28	28	28	28	28	28	28	28	28	28
14	14	14	14	14	14	14	14	14	14
13	13	13	13	13	13	13	13	13	13
9	9	9	9	9	9	9	9	9	9
1	1	1	1	1	1	1	1	1	1
13	13	13	13	13	13	13	13	13	13
8	8	8	8	8	8	8	8	8	8
22	22	22	22	22	22	22	22	22	22
20	20	20	20	20	20	20	20	20	20
14	14	14	14	14	14	14	14	14	14
7	7	7	7	7	7	7	7	7	7
1	1	1	1	1	1	1	1	1	1
1	1	1	1	1	1	1	1	1	1
23	23	23	23	23	23	23	23	23	23
2	2	2	2	2	2	2	2	2	2
7	7	7	7	7	7	7	7	7	7
23	23	23	23	23	23	23	23	23	23
5	5	5	5	5	5	5	5	5	5
13	13	13	13	13	13	13	13	13	13
11	11	11	11	11	11	11	11	11	11
4	4	4	4	4	4	4	4	4	4
14	14	14	14	14	14	14	14	14	14
0	0	0	0	0	0	0	0	0	0
2	2	2	2	2	2	2	2	2	2
7	7	7	7	7	7	7	7	7	7
3	3	3	3	3	3	3	3	3	3
22	22	22	22	22	22	22	22	22	22
19	19	19	19	19	19	19	19	19	19
27	27	27	27	27	27	27	27	27	27
15	15	15	15	15	15	15	15	15	15
26	26	26	26	26	26	26	26	26	26
20	20	20	20	20	20	20	20	20	20
8	8	8	8	8	8	8	8	8	8
22	22	22	22	22	22	22	22	22	22
7	7	7	7	7	7	7	7	7	7
8	8	8	8	8	8	8	8	8	8
22	22	22	22	22	22	22	22	22	22
2	2	2	2	2	2	2	2	2	2
8	8	8	8	8	8	8	8	8	8
16	16	16	16	16	16	16	16	16	16
7	7	7	7	7	7	7	7	7	7
]
w:[
7.2	7.2	7.2	7.2	7.2	7.2	7.2	7.2	7.2	7.2
5.6	5.6	5.6	5.6	5.6	5.6	5.6	5.6	5.6	5.6
5.3	5.3	5.3	5.3	5.3	5.3	5.3	5.3	5.3	5.3
2.2	2.2	2.2	2.2	2.2	2.2	2.2	2.2	2.2	2.2
1.0	1.0	1.0	1.0	1.0	1.0	1.0	1.0	1.0	1.0
2.4	2.4	2.4	2.4	2.4	2.4	2.4	2.4	2.4	2.4
4.3	4.3	4.3	4.3	4.3	4.3	4.3	4.3	4.3	4.3
1.4	1.4	1.4	1.4	1.4	1.4	1.4	1.4	1.4	1.4
4.0	4.0	4.0	4.0	4.0	4.0	4.0	4.0	4.0	4.0
8.7	8.7	8.7	8.7	8.7	8.7	8.7	8.7	8.7	8.7
1.0	1.0	1.0	1.0	1.0	1.0	1.0	1.0	1.0	1.0
9.0	9.0	9.0	9.0	9.0	9.0	9.0	9.0	9.0	9.0
8.9	8.9	8.9	8.9	8.9	8.9	8.9	8.9	8.9	8.9
9.1	9.1	9.1	9.1	9.1	9.1	9.1	9.1	9.1	9.1
2.6	2.6	2.6	2.6	2.6	2.6	2.6	2.6	2.6	2.6
4.1	4.1	4.1	4.1	4.1	4.1	4.1	4.1	4.1	4.1
1.3	1.3	1.3	1.3	1.3	1.3	1.3	1.3	1.3	1.3
7.5	7.5	7.5	7.5	7.5	7.5	7.5	7.5	7.5	7.5
5.2	5.2	5.2	5.2	5.2	5.2	5.2	5.2	5.2	5.2
7.4	7.4	7.4	7.4	7.4	7.4	7.4	7.4	7.4	7.4
2.2	2.2	2.2	2.2	2.2	2.2	2.2	2.2	2.2	2.2
5.6	5.6	5.6	5.6	5.6	5.6	5.6	5.6	5.6	5.6
7.9	7.9	7.9	7.9	7.9	7.9	7.9	7.9	7.9	7.9
6.6	6.6	6.6	6.6	6.6	6.6	6.6	6.6	6.6	6.6
2.7	2.7	2.7	2.7	2.7	2.7	2.7	2.7	2.7	2.7
1.8	1.8	1.8	1.8	1.8	1.8	1.8	1.8	1.8	1.8
0.7	0.7	0.7	0.7	0.7	0.7	0.7	0.7	0.7	0.7
3.4	3.4	3.4	3.4	3.4	3.4	3.4	3.4	3.4	3.4
8.5	8.5	8.5	8.5	8.5	8.5	8.5	8.5	8.5	8.5
1.3	1.3	1.3	1.3	1.3	1.3	1.3	1.3	1.3	1.3
9.9	9.9	9.9	9.9	9.9	9.9	9.9	9.9	9.9	9.9
0.2	0.2	0.2	0.2	0.2	0.2	0.2	0.2	0.2	0.2
7.0	7.0	7.0	7.0	7.0	7.0	7.0	7.0	7.0	7.0
3.1	3.1	3.1	3.1	3.1	3.1	3.1	3.1	3.1	3.1
1.5	1.5	1.5	1.5	1.5	1.5	1.5	1.5	1.5	1.5
3.2	3.2	3.2	3.2	3.2	3.2	3.2	3.2	3.2	3.2
1.1	1.1	1.1	1.1	1.1	1.1	1.1	1.1	1.1	1.1
3.1	3.1	3.1	3.1	3.1	3.1	3.1	3.1	3.1	3.1
6.6	6.6	6.6	6.6	6.6	6.6	6.6	6.6	6.6	6.6
4.7	4.7	4.7	4.7	4.7	4.7	4.7	4.7	4.7	4.7
0.3	0.3	0.3	0.3	0.3	0.3	0.3	0.3	0.3	0.3
3.0	3.0	3.0	3.0	3.0	3.0	3.0	3.0	3.0	3.0
2.7	2.7	2.7	2.7	2.7	2.7	2.7	2.7	2.7	2.7
4.9	4.9	4.9	4.9	4.9	4.9	4.9	4.9	4.9	4.9
6.6	6.6	6.6	6.6	6.6	6.6	6.6	6.6	6.6	6.6
0.2	0.2	0.2	0.2	0.2	0.2	0.2	0.2	0.2	0.2
8.4	8.4	8.4	8.4	8.4	8.4	8.4	8.4	8.4	8.4
6.0	6.0	6.0	6.0	6.0	6.0	6.0	6.0	6.0	6.0
7.9	7.9	7.9	7.9	7.9	7.9	7.9	7.9	7.9	7.9
1.7	1.7	1.7	1.7	1.7	1.7	1.7	1.7	1.7	1.7
]
