N_MACHINES:10	N_JOBS:150	CHARGING_TIME:60	INITIAL_CHARGE:10
D:[
17	17	17	17	17	17	17	17	17	17
38	38	38	38	38	38	38	38	38	38
17	17	17	17	17	17	17	17	17	17
62	62	62	62	62	62	62	62	62	62
13	13	13	13	13	13	13	13	13	13
3	3	3	3	3	3	3	3	3	3
39	39	39	39	39	39	39	39	39	39
27	27	27	27	27	27	27	27	27	27
24	24	24	24	24	24	24	24	24	24
26	26	26	26	26	26	26	26	26	26
38	38	38	38	38	38	38	38	38	38
18	18	18	18	18	18	18	18	18	18
24	24	24	24	24	24	24	24	24	24
1	1	1	1	1	1	1	1	1	1
20	20	20	20	20	20	20	20	20	20
41	41	41	41	41	41	41	41	41	41
22	22	22	22	22	22	22	22	22	22
54	54	54	54	54	54	54	54	54	54
18	18	18	18	18	18	18	18	18	18
30	30	30	30	30	30	30	30	30	30
5	5	5	5	5	5	5	5	5	5
48	48	48	48	48	48	48	48	48	48
14	14	14	14	14	14	14	14	14	14
20	20	20	20	20	20	20	20	20	20
14	14	14	14	14	14	14	14	14	14
21	21	21	21	21	21	21	21	21	21
47	47	47	47	47	47	47	47	47	47
8	8	8	8	8	8	8	8	8	8
44	44	44	44	44	44	44	44	44	44
21	21	21	21	21	21	21	21	21	21
30	30	30	30	30	30	30	30	30	30
7	7	7	7	7	7	7	7	7	7
39	39	39	39	39	39	39	39	39	39
41	41	41	41	41	41	41	41	41	41
14	14	14	14	14	14	14	14	14	14
0	0	0	0	0	0	0	0	0	0
19	19	19	19	19	19	19	19	19	19
35	35	35	35	35	35	35	35	35	35
29	29	29	29	29	29	29	29	29	29
53	53	53	53	53	53	53	53	53	53
5	5	5	5	5	5	5	5	5	5
28	28	28	28	28	28	28	28	28	28
44	44	44	44	44	44	44	44	44	44
39	39	39	39	39	39	39	39	39	39
12	12	12	12	12	12	12	12	12	12
0	0	0	0	0	0	0	0	0	0
31	31	31	31	31	31	31	31	31	31
20	20	20	20	20	20	20	20	20	20
36	36	36	36	36	36	36	36	36	36
8	8	8	8	8	8	8	8	8	8
7	7	7	7	7	7	7	7	7	7
2	2	2	2	2	2	2	2	2	2
21	21	21	21	21	21	21	21	21	21
40	40	40	40	40	40	40	40	40	40
35	35	35	35	35	35	35	35	35	35
46	46	46	46	46	46	46	46	46	46
4	4	4	4	4	4	4	4	4	4
21	21	21	21	21	21	21	21	21	21
8	8	8	8	8	8	8	8	8	8
10	10	10	10	10	10	10	10	10	10
79	79	79	79	79	79	79	79	79	79
7	7	7	7	7	7	7	7	7	7
42	42	42	42	42	42	42	42	42	42
49	49	49	49	49	49	49	49	49	49
5	5	5	5	5	5	5	5	5	5
40	40	40	40	40	40	40	40	40	40
36	36	36	36	36	36	36	36	36	36
28	28	28	28	28	28	28	28	28	28
5	5	5	5	5	5	5	5	5	5
41	41	41	41	41	41	41	41	41	41
12	12	12	12	12	12	12	12	12	12
51	51	51	51	51	51	51	51	51	51
27	27	27	27	27	27	27	27	27	27
2	2	2	2	2	2	2	2	2	2
48	48	48	48	48	48	48	48	48	48
30	30	30	30	30	30	30	30	30	30
15	15	15	15	15	15	15	15	15	15
20	20	20	20	20	20	20	20	20	20
11	11	11	11	11	11	11	11	11	11
30	30	30	30	30	30	30	30	30	30
19	19	19	19	19	19	19	19	19	19
13	13	13	13	13	13	13	13	13	13
14	14	14	14	14	14	14	14	14	14
11	11	11	11	11	11	11	11	11	11
35	35	35	35	35	35	35	35	35	35
11	11	11	11	11	11	11	11	11	11
48	48	48	48	48	48	48	48	48	48
33	33	33	33	33	33	33	33	33	33
16	16	16	16	16	16	16	16	16	16
55	55	55	55	55	55	55	55	55	55
28	28	28	28	28	28	28	28	28	28
20	20	20	20	20	20	20	20	20	20
27	27	27	27	27	27	27	27	27	27
29	29	29	29	29	29	29	29	29	29
39	39	39	39	39	39	39	39	39	39
35	35	35	35	35	35	35	35	35	35
8	8	8	8	8	8	8	8	8	8
24	24	24	24	24	24	24	24	24	24
32	32	32	32	32	32	32	32	32	32
13	13	13	13	13	13	13	13	13	13
32	32	32	32	32	32	32	32	32	32
14	14	14	14	14	14	14	14	14	14
33	33	33	33	33	33	33	33	33	33
41	41	41	41	41	41	41	41	41	41
28	28	28	28	28	28	28	28	28	28
18	18	18	18	18	18	18	18	18	18
20	20	20	20	20	20	20	20	20	20
21	21	21	21	21	21	21	21	21	21
17	17	17	17	17	17	17	17	17	17
33	33	33	33	33	33	33	33	33	33
5	5	5	5	5	5	5	5	5	5
15	15	15	15	15	15	15	15	15	15
6	6	6	6	6	6	6	6	6	6
32	32	32	32	32	32	32	32	32	32
36	36	36	36	36	36	36	36	36	36
17	17	17	17	17	17	17	17	17	17
15	15	15	15	15	15	15	15	15	15
3	3	3	3	3	3	3	3	3	3
49	49	49	49	49	49	49	49	49	49
21	21	21	21	21	21	21	21	21	21
10	10	10	10	10	10	10	10	10	10
15	15	15	15	15	15	15	15	15	15
45	45	45	45	45	45	45	45	45	45
53	53	53	53	53	53	53	53	53	53
35	35	35	35	35	35	35	35	35	35
14	14	14	14	14	14	14	14	14	14
39	39	39	39	39	39	39	39	39	39
50	50	50	50	50	50	50	50	50	50
10	10	10	10	10	10	10	10	10	10
7	7	7	7	7	7	7	7	7	7
59	59	59	59	59	59	59	59	59	59
23	23	23	23	23	23	23	23	23	23
41	41	41	41	41	41	41	41	41	41
16	16	16	16	16	16	16	16	16	16
62	62	62	62	62	62	62	62	62	62
22	22	22	22	22	22	22	22	22	22
20	20	20	20	20	20	20	20	20	20
1	1	1	1	1	1	1	1	1	1
25	25	25	25	25	25	25	25	25	25
27	27	27	27	27	27	27	27	27	27
31	31	31	31	31	31	31	31	31	31
19	19	19	19	19	19	19	19	19	19
39	39	39	39	39	39	39	39	39	39
21	21	21	21	21	21	21	21	21	21
10	10	10	10	10	10	10	10	10	10
3	3	3	3	3	3	3	3	3	3
60	60	60	60	60	60	60	60	60	60
27	27	27	27	27	27	27	27	27	27
6	6	6	6	6	6	6	6	6	6
9	9	9	9	9	9	9	9	9	9
]
w:[
2.0	2.0	2.0	2.0	2.0	2.0	2.0	2.0	2.0	2.0
0.2	0.2	0.2	0.2	0.2	0.2	0.2	0.2	0.2	0.2
3.3	3.3	3.3	3.3	3.3	3.3	3.3	3.3	3.3	3.3
1.2	1.2	1.2	1.2	1.2	1.2	1.2	1.2	1.2	1.2
2.0	2.0	2.0	2.0	2.0	2.0	2.0	2.0	2.0	2.0
2.4	2.4	2.4	2.4	2.4	2.4	2.4	2.4	2.4	2.4
1.4	1.4	1.4	1.4	1.4	1.4	1.4	1.4	1.4	1.4
1.4	1.4	1.4	1.4	1.4	1.4	1.4	1.4	1.4	1.4
0.5	0.5	0.5	0.5	0.5	0.5	0.5	0.5	0.5	0.5
2.6	2.6	2.6	2.6	2.6	2.6	2.6	2.6	2.6	2.6
0.2	0.2	0.2	0.2	0.2	0.2	0.2	0.2	0.2	0.2
0.3	0.3	0.3	0.3	0.3	0.3	0.3	0.3	0.3	0.3
1.3	1.3	1.3	1.3	1.3	1.3	1.3	1.3	1.3	1.3
0.7	0.7	0.7	0.7	0.7	0.7	0.7	0.7	0.7	0.7
0.6	0.6	0.6	0.6	0.6	0.6	0.6	0.6	0.6	0.6
1.7	1.7	1.7	1.7	1.7	1.7	1.7	1.7	1.7	1.7
2.6	2.6	2.6	2.6	2.6	2.6	2.6	2.6	2.6	2.6
2.9	2.9	2.9	2.9	2.9	2.9	2.9	2.9	2.9	2.9
2.9	2.9	2.9	2.9	2.9	2.9	2.9	2.9	2.9	2.9
1.1	1.1	1.1	1.1	1.1	1.1	1.1	1.1	1.1	1.1
0.3	0.3	0.3	0.3	0.3	0.3	0.3	0.3	0.3	0.3
2.9	2.9	2.9	2.9	2.9	2.9	2.9	2.9	2.9	2.9
1.9	1.9	1.9	1.9	1.9	1.9	1.9	1.9	1.9	1.9
3.3	3.3	3.3	3.3	3.3	3.3	3.3	3.3	3.3	3.3
0.4	0.4	0.4	0.4	0.4	0.4	0.4	0.4	0.4	0.4
0.2	0.2	0.2	0.2	0.2	0.2	0.2	0.2	0.2	0.2
1.5	1.5	1.5	1.5	1.5	1.5	1.5	1.5	1.5	1.5
0.4	0.4	0.4	0.4	0.4	0.4	0.4	0.4	0.4	0.4
0.8	0.8	0.8	0.8	0.8	0.8	0.8	0.8	0.8	0.8
2.0	2.0	2.0	2.0	2.0	2.0	2.0	2.0	2.0	2.0
1.3	1.3	1.3	1.3	1.3	1.3	1.3	1.3	1.3	1.3
0.9	0.9	0.9	0.9	0.9	0.9	0.9	0.9	0.9	0.9
1.8	1.8	1.8	1.8	1.8	1.8	1.8	1.8	1.8	1.8
1.9	1.9	1.9	1.9	1.9	1.9	1.9	1.9	1.9	1.9
2.6	2.6	2.6	2.6	2.6	2.6	2.6	2.6	2.6	2.6
1.4	1.4	1.4	1.4	1.4	1.4	1.4	1.4	1.4	1.4
2.0	2.0	2.0	2.0	2.0	2.0	2.0	2.0	2.0	2.0
2.4	2.4	2.4	2.4	2.4	2.4	2.4	2.4	2.4	2.4
3.4	3.4	3.4	3.4	3.4	3.4	3.4	3.4	3.4	3.4
1.5	1.5	1.5	1.5	1.5	1.5	1.5	1.5	1.5	1.5
0.1	0.1	0.1	0.1	0.1	0.1	0.1	0.1	0.1	0.1
1.6	1.6	1.6	1.6	1.6	1.6	1.6	1.6	1.6	1.6
1.3	1.3	1.3	1.3	1.3	1.3	1.3	1.3	1.3	1.3
1.6	1.6	1.6	1.6	1.6	1.6	1.6	1.6	1.6	1.6
1.6	1.6	1.6	1.6	1.6	1.6	1.6	1.6	1.6	1.6
1.5	1.5	1.5	1.5	1.5	1.5	1.5	1.5	1.5	1.5
1.4	1.4	1.4	1.4	1.4	1.4	1.4	1.4	1.4	1.4
1.1	1.1	1.1	1.1	1.1	1.1	1.1	1.1	1.1	1.1
0.6	0.6	0.6	0.6	0.6	0.6	0.6	0.6	0.6	0.6
1.2	1.2	1.2	1.2	1.2	1.2	1.2	1.2	1.2	1.2
1.0	1.0	1.0	1.0	1.0	1.0	1.0	1.0	1.0	1.0
1.4	1.4	1.4	1.4	1.4	1.4	1.4	1.4	1.4	1.4
0.6	0.6	0.6	0.6	0.6	0.6	0.6	0.6	0.6	0.6
1.0	1.0	1.0	1.0	1.0	1.0	1.0	1.0	1.0	1.0
0.6	0.6	0.6	0.6	0.6	0.6	0.6	0.6	0.6	0.6
1.0	1.0	1.0	1.0	1.0	1.0	1.0	1.0	1.0	1.0
1.1	1.1	1.1	1.1	1.1	1.1	1.1	1.1	1.1	1.1
2.1	2.1	2.1	2.1	2.1	2.1	2.1	2.1	2.1	2.1
1.3	1.3	1.3	1.3	1.3	1.3	1.3	1.3	1.3	1.3
0.4	0.4	0.4	0.4	0.4	0.4	0.4	0.4	0.4	0.4
0.7	0.7	0.7	0.7	0.7	0.7	0.7	0.7	0.7	0.7
0.2	0.2	0.2	0.2	0.2	0.2	0.2	0.2	0.2	0.2
0.6	0.6	0.6	0.6	0.6	0.6	0.6	0.6	0.6	0.6
2.1	2.1	2.1	2.1	2.1	2.1	2.1	2.1	2.1	2.1
1.6	1.6	1.6	1.6	1.6	1.6	1.6	1.6	1.6	1.6
2.1	2.1	2.1	2.1	2.1	2.1	2.1	2.1	2.1	2.1
2.9	2.9	2.9	2.9	2.9	2.9	2.9	2.9	2.9	2.9
1.6	1.6	1.6	1.6	1.6	1.6	1.6	1.6	1.6	1.6
0.8	0.8	0.8	0.8	0.8	0.8	0.8	0.8	0.8	0.8
1.8	1.8	1.8	1.8	1.8	1.8	1.8	1.8	1.8	1.8
0.8	0.8	0.8	0.8	0.8	0.8	0.8	0.8	0.8	0.8
1.0	1.0	1.0	1.0	1.0	1.0	1.0	1.0	1.0	1.0
1.4	1.4	1.4	1.4	1.4	1.4	1.4	1.4	1.4	1.4
0.2	0.2	0.2	0.2	0.2	0.2	0.2	0.2	0.2	0.2
1.1	1.1	1.1	1.1	1.1	1.1	1.1	1.1	1.1	1.1
1.0	1.0	1.0	1.0	1.0	1.0	1.0	1.0	1.0	1.0
1.0	1.0	1.0	1.0	1.0	1.0	1.0	1.0	1.0	1.0
2.2	2.2	2.2	2.2	2.2	2.2	2.2	2.2	2.2	2.2
0.4	0.4	0.4	0.4	0.4	0.4	0.4	0.4	0.4	0.4
0.6	0.6	0.6	0.6	0.6	0.6	0.6	0.6	0.6	0.6
2.3	2.3	2.3	2.3	2.3	2.3	2.3	2.3	2.3	2.3
0.8	0.8	0.8	0.8	0.8	0.8	0.8	0.8	0.8	0.8
2.9	2.9	2.9	2.9	2.9	2.9	2.9	2.9	2.9	2.9
0.3	0.3	0.3	0.3	0.3	0.3	0.3	0.3	0.3	0.3
0.6	0.6	0.6	0.6	0.6	0.6	0.6	0.6	0.6	0.6
2.0	2.0	2.0	2.0	2.0	2.0	2.0	2.0	2.0	2.0
1.2	1.2	1.2	1.2	1.2	1.2	1.2	1.2	1.2	1.2
0.7	0.7	0.7	0.7	0.7	0.7	0.7	0.7	0.7	0.7
1.2	1.2	1.2	1.2	1.2	1.2	1.2	1.2	1.2	1.2
0.6	0.6	0.6	0.6	0.6	0.6	0.6	0.6	0.6	0.6
0.9	0.9	0.9	0.9	0.9	0.9	0.9	0.9	0.9	0.9
1.8	1.8	1.8	1.8	1.8	1.8	1.8	1.8	1.8	1.8
1.4	1.4	1.4	1.4	1.4	1.4	1.4	1.4	1.4	1.4
1.7	1.7	1.7	1.7	1.7	1.7	1.7	1.7	1.7	1.7
2.1	2.1	2.1	2.1	2.1	2.1	2.1	2.1	2.1	2.1
1.3	1.3	1.3	1.3	1.3	1.3	1.3	1.3	1.3	1.3
0.5	0.5	0.5	0.5	0.5	0.5	0.5	0.5	0.5	0.5
3.5	3.5	3.5	3.5	3.5	3.5	3.5	3.5	3.5	3.5
2.2	2.2	2.2	2.2	2.2	2.2	2.2	2.2	2.2	2.2
2.3	2.3	2.3	2.3	2.3	2.3	2.3	2.3	2.3	2.3
2.6	2.6	2.6	2.6	2.6	2.6	2.6	2.6	2.6	2.6
0.7	0.7	0.7	0.7	0.7	0.7	0.7	0.7	0.7	0.7
1.6	1.6	1.6	1.6	1.6	1.6	1.6	1.6	1.6	1.6
2.0	2.0	2.0	2.0	2.0	2.0	2.0	2.0	2.0	2.0
0.7	0.7	0.7	0.7	0.7	0.7	0.7	0.7	0.7	0.7
0.4	0.4	0.4	0.4	0.4	0.4	0.4	0.4	0.4	0.4
0.4	0.4	0.4	0.4	0.4	0.4	0.4	0.4	0.4	0.4
0.3	0.3	0.3	0.3	0.3	0.3	0.3	0.3	0.3	0.3
0.7	0.7	0.7	0.7	0.7	0.7	0.7	0.7	0.7	0.7
0.9	0.9	0.9	0.9	0.9	0.9	0.9	0.9	0.9	0.9
1.4	1.4	1.4	1.4	1.4	1.4	1.4	1.4	1.4	1.4
1.3	1.3	1.3	1.3	1.3	1.3	1.3	1.3	1.3	1.3
1.0	1.0	1.0	1.0	1.0	1.0	1.0	1.0	1.0	1.0
0.9	0.9	0.9	0.9	0.9	0.9	0.9	0.9	0.9	0.9
0.5	0.5	0.5	0.5	0.5	0.5	0.5	0.5	0.5	0.5
0.9	0.9	0.9	0.9	0.9	0.9	0.9	0.9	0.9	0.9
1.2	1.2	1.2	1.2	1.2	1.2	1.2	1.2	1.2	1.2
2.0	2.0	2.0	2.0	2.0	2.0	2.0	2.0	2.0	2.0
0.2	0.2	0.2	0.2	0.2	0.2	0.2	0.2	0.2	0.2
2.6	2.6	2.6	2.6	2.6	2.6	2.6	2.6	2.6	2.6
2.0	2.0	2.0	2.0	2.0	2.0	2.0	2.0	2.0	2.0
1.2	1.2	1.2	1.2	1.2	1.2	1.2	1.2	1.2	1.2
0.3	0.3	0.3	0.3	0.3	0.3	0.3	0.3	0.3	0.3
2.6	2.6	2.6	2.6	2.6	2.6	2.6	2.6	2.6	2.6
1.7	1.7	1.7	1.7	1.7	1.7	1.7	1.7	1.7	1.7
0.8	0.8	0.8	0.8	0.8	0.8	0.8	0.8	0.8	0.8
0.2	0.2	0.2	0.2	0.2	0.2	0.2	0.2	0.2	0.2
0.7	0.7	0.7	0.7	0.7	0.7	0.7	0.7	0.7	0.7
2.1	2.1	2.1	2.1	2.1	2.1	2.1	2.1	2.1	2.1
2.1	2.1	2.1	2.1	2.1	2.1	2.1	2.1	2.1	2.1
1.4	1.4	1.4	1.4	1.4	1.4	1.4	1.4	1.4	1.4
1.4	1.4	1.4	1.4	1.4	1.4	1.4	1.4	1.4	1.4
0.9	0.9	0.9	0.9	0.9	0.9	0.9	0.9	0.9	0.9
2.0	2.0	2.0	2.0	2.0	2.0	2.0	2.0	2.0	2.0
0.9	0.9	0.9	0.9	0.9	0.9	0.9	0.9	0.9	0.9
0.7	0.7	0.7	0.7	0.7	0.7	0.7	0.7	0.7	0.7
0.4	0.4	0.4	0.4	0.4	0.4	0.4	0.4	0.4	0.4
1.5	1.5	1.5	1.5	1.5	1.5	1.5	1.5	1.5	1.5
3.3	3.3	3.3	3.3	3.3	3.3	3.3	3.3	3.3	3.3
1.3	1.3	1.3	1.3	1.3	1.3	1.3	1.3	1.3	1.3
1.6	1.6	1.6	1.6	1.6	1.6	1.6	1.6	1.6	1.6
2.8	2.8	2.8	2.8	2.8	2.8	2.8	2.8	2.8	2.8
1.5	1.5	1.5	1.5	1.5	1.5	1.5	1.5	1.5	1.5
1.0	1.0	1.0	1.0	1.0	1.0	1.0	1.0	1.0	1.0
1.1	1.1	1.1	1.1	1.1	1.1	1.1	1.1	1.1	1.1
1.2	1.2	1.2	1.2	1.2	1.2	1.2	1.2	1.2	1.2
0.5	0.5	0.5	0.5	0.5	0.5	0.5	0.5	0.5	0.5
2.1	2.1	2.1	2.1	2.1	2.1	2.1	2.1	2.1	2.1
1.4	1.4	1.4	1.4	1.4	1.4	1.4	1.4	1.4	1.4
0.2	0.2	0.2	0.2	0.2	0.2	0.2	0.2	0.2	0.2
]
