N_MACHINES:10	N_JOBS:150	CHARGING_TIME:60	INITIAL_CHARGE:10
D:[
35	35	35	35	35	35	35	35	35	35
25	25	25	25	25	25	25	25	25	25
20	20	20	20	20	20	20	20	20	20
21	21	21	21	21	21	21	21	21	21
3	3	3	3	3	3	3	3	3	3
21	21	21	21	21	21	21	21	21	21
8	8	8	8	8	8	8	8	8	8
12	12	12	12	12	12	12	12	12	12
21	21	21	21	21	21	21	21	21	21
11	11	11	11	11	11	11	11	11	11
22	22	22	22	22	22	22	22	22	22
21	21	21	21	21	21	21	21	21	21
16	16	16	16	16	16	16	16	16	16
34	34	34	34	34	34	34	34	34	34
19	19	19	19	19	19	19	19	19	19
27	27	27	27	27	27	27	27	27	27
12	12	12	12	12	12	12	12	12	12
22	22	22	22	22	22	22	22	22	22
17	17	17	17	17	17	17	17	17	17
12	12	12	12	12	12	12	12	12	12
35	35	35	35	35	35	35	35	35	35
1	1	1	1	1	1	1	1	1	1
38	38	38	38	38	38	38	38	38	38
19	19	19	19	19	19	19	19	19	19
32	32	32	32	32	32	32	32	32	32
25	25	25	25	25	25	25	25	25	25
5	5	5	5	5	5	5	5	5	5
46	46	46	46	46	46	46	46	46	46
47	47	47	47	47	47	47	47	47	47
12	12	12	12	12	12	12	12	12	12
18	18	18	18	18	18	18	18	18	18
31	31	31	31	31	31	31	31	31	31
39	39	39	39	39	39	39	39	39	39
16	16	16	16	16	16	16	16	16	16
40	40	40	40	40	40	40	40	40	40
20	20	20	20	20	20	20	20	20	20
40	40	40	40	40	40	40	40	40	40
39	39	39	39	39	39	39	39	39	39
30	30	30	30	30	30	30	30	30	30
0	0	0	0	0	0	0	0	0	0
54	54	54	54	54	54	54	54	54	54
26	26	26	26	26	26	26	26	26	26
38	38	38	38	38	38	38	38	38	38
47	47	47	47	47	47	47	47	47	47
10	10	10	10	10	10	10	10	10	10
21	21	21	21	21	21	21	21	21	21
27	27	27	27	27	27	27	27	27	27
15	15	15	15	15	15	15	15	15	15
30	30	30	30	30	30	30	30	30	30
70	70	70	70	70	70	70	70	70	70
46	46	46	46	46	46	46	46	46	46
24	24	24	24	24	24	24	24	24	24
47	47	47	47	47	47	47	47	47	47
28	28	28	28	28	28	28	28	28	28
18	18	18	18	18	18	18	18	18	18
33	33	33	33	33	33	33	33	33	33
18	18	18	18	18	18	18	18	18	18
64	64	64	64	64	64	64	64	64	64
8	8	8	8	8	8	8	8	8	8
22	22	22	22	22	22	22	22	22	22
28	28	28	28	28	28	28	28	28	28
4	4	4	4	4	4	4	4	4	4
32	32	32	32	32	32	32	32	32	32
13	13	13	13	13	13	13	13	13	13
44	44	44	44	44	44	44	44	44	44
17	17	17	17	17	17	17	17	17	17
17	17	17	17	17	17	17	17	17	17
10	10	10	10	10	10	10	10	10	10
14	14	14	14	14	14	14	14	14	14
32	32	32	32	32	32	32	32	32	32
52	52	52	52	52	52	52	52	52	52
22	22	22	22	22	22	22	22	22	22
10	10	10	10	10	10	10	10	10	10
47	47	47	47	47	47	47	47	47	47
59	59	59	59	59	59	59	59	59	59
33	33	33	33	33	33	33	33	33	33
39	39	39	39	39	39	39	39	39	39
36	36	36	36	36	36	36	36	36	36
19	19	19	19	19	19	19	19	19	19
14	14	14	14	14	14	14	14	14	14
38	38	38	38	38	38	38	38	38	38
31	31	31	31	31	31	31	31	31	31
17	17	17	17	17	17	17	17	17	17
26	26	26	26	26	26	26	26	26	26
17	17	17	17	17	17	17	17	17	17
24	24	24	24	24	24	24	24	24	24
48	48	48	48	48	48	48	48	48	48
26	26	26	26	26	26	26	26	26	26
35	35	35	35	35	35	35	35	35	35
3	3	3	3	3	3	3	3	3	3
45	45	45	45	45	45	45	45	45	45
21	21	21	21	21	21	21	21	21	21
33	33	33	33	33	33	33	33	33	33
28	28	28	28	28	28	28	28	28	28
2	2	2	2	2	2	2	2	2	2
36	36	36	36	36	36	36	36	36	36
19	19	19	19	19	19	19	19	19	19
22	22	22	22	22	22	22	22	22	22
13	13	13	13	13	13	13	13	13	13
17	17	17	17	17	17	17	17	17	17
8	8	8	8	8	8	8	8	8	8
30	30	30	30	30	30	30	30	30	30
43	43	43	43	43	43	43	43	43	43
40	40	40	40	40	40	40	40	40	40
2	2	2	2	2	2	2	2	2	2
1	1	1	1	1	1	1	1	1	1
33	33	33	33	33	33	33	33	33	33
0	0	0	0	0	0	0	0	0	0
26	26	26	26	26	26	26	26	26	26
49	49	49	49	49	49	49	49	49	49
16	16	16	16	16	16	16	16	16	16
34	34	34	34	34	34	34	34	34	34
18	18	18	18	18	18	18	18	18	18
49	49	49	49	49	49	49	49	49	49
0	0	0	0	0	0	0	0	0	0
20	20	20	20	20	20	20	20	20	20
7	7	7	7	7	7	7	7	7	7
9	9	9	9	9	9	9	9	9	9
18	18	18	18	18	18	18	18	18	18
41	41	41	41	41	41	41	41	41	41
32	32	32	32	32	32	32	32	32	32
0	0	0	0	0	0	0	0	0	0
38	38	38	38	38	38	38	38	38	38
53	53	53	53	53	53	53	53	53	53
24	24	24	24	24	24	24	24	24	24
1	1	1	1	1	1	1	1	1	1
24	24	24	24	24	24	24	24	24	24
56	56	56	56	56	56	56	56	56	56
27	27	27	27	27	27	27	27	27	27
36	36	36	36	36	36	36	36	36	36
13	13	13	13	13	13	13	13	13	13
26	26	26	26	26	26	26	26	26	26
17	17	17	17	17	17	17	17	17	17
36	36	36	36	36	36	36	36	36	36
53	53	53	53	53	53	53	53	53	53
30	30	30	30	30	30	30	30	30	30
48	48	48	48	48	48	48	48	48	48
66	66	66	66	66	66	66	66	66	66
8	8	8	8	8	8	8	8	8	8
38	38	38	38	38	38	38	38	38	38
14	14	14	14	14	14	14	14	14	14
14	14	14	14	14	14	14	14	14	14
41	41	41	41	41	41	41	41	41	41
6	6	6	6	6	6	6	6	6	6
32	32	32	32	32	32	32	32	32	32
31	31	31	31	31	31	31	31	31	31
17	17	17	17	17	17	17	17	17	17
38	38	38	38	38	38	38	38	38	38
11	11	11	11	11	11	11	11	11	11
47	47	47	47	47	47	47	47	47	47
]
w:[
0.9	0.9	0.9	0.9	0.9	0.9	0.9	0.9	0.9	0.9
0.6	0.6	0.6	0.6	0.6	0.6	0.6	0.6	0.6	0.6
2.4	2.4	2.4	2.4	2.4	2.4	2.4	2.4	2.4	2.4
2.5	2.5	2.5	2.5	2.5	2.5	2.5	2.5	2.5	2.5
1.1	1.1	1.1	1.1	1.1	1.1	1.1	1.1	1.1	1.1
0.2	0.2	0.2	0.2	0.2	0.2	0.2	0.2	0.2	0.2
0.6	0.6	0.6	0.6	0.6	0.6	0.6	0.6	0.6	0.6
0.6	0.6	0.6	0.6	0.6	0.6	0.6	0.6	0.6	0.6
0.1	0.1	0.1	0.1	0.1	0.1	0.1	0.1	0.1	0.1
0.7	0.7	0.7	0.7	0.7	0.7	0.7	0.7	0.7	0.7
2.6	2.6	2.6	2.6	2.6	2.6	2.6	2.6	2.6	2.6
2.3	2.3	2.3	2.3	2.3	2.3	2.3	2.3	2.3	2.3
2.2	2.2	2.2	2.2	2.2	2.2	2.2	2.2	2.2	2.2
1.8	1.8	1.8	1.8	1.8	1.8	1.8	1.8	1.8	1.8
0.9	0.9	0.9	0.9	0.9	0.9	0.9	0.9	0.9	0.9
0.5	0.5	0.5	0.5	0.5	0.5	0.5	0.5	0.5	0.5
0.3	0.3	0.3	0.3	0.3	0.3	0.3	0.3	0.3	0.3
1.7	1.7	1.7	1.7	1.7	1.7	1.7	1.7	1.7	1.7
0.3	0.3	0.3	0.3	0.3	0.3	0.3	0.3	0.3	0.3
1.5	1.5	1.5	1.5	1.5	1.5	1.5	1.5	1.5	1.5
2.1	2.1	2.1	2.1	2.1	2.1	2.1	2.1	2.1	2.1
1.4	1.4	1.4	1.4	1.4	1.4	1.4	1.4	1.4	1.4
1.6	1.6	1.6	1.6	1.6	1.6	1.6	1.6	1.6	1.6
1.1	1.1	1.1	1.1	1.1	1.1	1.1	1.1	1.1	1.1
2.3	2.3	2.3	2.3	2.3	2.3	2.3	2.3	2.3	2.3
1.5	1.5	1.5	1.5	1.5	1.5	1.5	1.5	1.5	1.5
1.4	1.4	1.4	1.4	1.4	1.4	1.4	1.4	1.4	1.4
1.8	1.8	1.8	1.8	1.8	1.8	1.8	1.8	1.8	1.8
2.1	2.1	2.1	2.1	2.1	2.1	2.1	2.1	2.1	2.1
1.0	1.0	1.0	1.0	1.0	1.0	1.0	1.0	1.0	1.0
2.3	2.3	2.3	2.3	2.3	2.3	2.3	2.3	2.3	2.3
1.0	1.0	1.0	1.0	1.0	1.0	1.0	1.0	1.0	1.0
0.1	0.1	0.1	0.1	0.1	0.1	0.1	0.1	0.1	0.1
0.7	0.7	0.7	0.7	0.7	0.7	0.7	0.7	0.7	0.7
1.8	1.8	1.8	1.8	1.8	1.8	1.8	1.8	1.8	1.8
0.9	0.9	0.9	0.9	0.9	0.9	0.9	0.9	0.9	0.9
1.3	1.3	1.3	1.3	1.3	1.3	1.3	1.3	1.3	1.3
1.2	1.2	1.2	1.2	1.2	1.2	1.2	1.2	1.2	1.2
1.6	1.6	1.6	1.6	1.6	1.6	1.6	1.6	1.6	1.6
0.3	0.3	0.3	0.3	0.3	0.3	0.3	0.3	0.3	0.3
1.2	1.2	1.2	1.2	1.2	1.2	1.2	1.2	1.2	1.2
0.5	0.5	0.5	0.5	0.5	0.5	0.5	0.5	0.5	0.5
0.1	0.1	0.1	0.1	0.1	0.1	0.1	0.1	0.1	0.1
0.4	0.4	0.4	0.4	0.4	0.4	0.4	0.4	0.4	0.4
0.7	0.7	0.7	0.7	0.7	0.7	0.7	0.7	0.7	0.7
2.3	2.3	2.3	2.3	2.3	2.3	2.3	2.3	2.3	2.3
0.9	0.9	0.9	0.9	0.9	0.9	0.9	0.9	0.9	0.9
0.1	0.1	0.1	0.1	0.1	0.1	0.1	0.1	0.1	0.1
1.8	1.8	1.8	1.8	1.8	1.8	1.8	1.8	1.8	1.8
0.7	0.7	0.7	0.7	0.7	0.7	0.7	0.7	0.7	0.7
1.7	1.7	1.7	1.7	1.7	1.7	1.7	1.7	1.7	1.7
0.2	0.2	0.2	0.2	0.2	0.2	0.2	0.2	0.2	0.2
0.8	0.8	0.8	0.8	0.8	0.8	0.8	0.8	0.8	0.8
0.9	0.9	0.9	0.9	0.9	0.9	0.9	0.9	0.9	0.9
2.6	2.6	2.6	2.6	2.6	2.6	2.6	2.6	2.6	2.6
2.0	2.0	2.0	2.0	2.0	2.0	2.0	2.0	2.0	2.0
1.4	1.4	1.4	1.4	1.4	1.4	1.4	1.4	1.4	1.4
1.7	1.7	1.7	1.7	1.7	1.7	1.7	1.7	1.7	1.7
0.9	0.9	0.9	0.9	0.9	0.9	0.9	0.9	0.9	0.9
0.6	0.6	0.6	0.6	0.6	0.6	0.6	0.6	0.6	0.6
0.8	0.8	0.8	0.8	0.8	0.8	0.8	0.8	0.8	0.8
1.2	1.2	1.2	1.2	1.2	1.2	1.2	1.2	1.2	1.2
2.4	2.4	2.4	2.4	2.4	2.4	2.4	2.4	2.4	2.4
1.1	1.1	1.1	1.1	1.1	1.1	1.1	1.1	1.1	1.1
0.7	0.7	0.7	0.7	0.7	0.7	0.7	0.7	0.7	0.7
1.4	1.4	1.4	1.4	1.4	1.4	1.4	1.4	1.4	1.4
0.9	0.9	0.9	0.9	0.9	0.9	0.9	0.9	0.9	0.9
1.8	1.8	1.8	1.8	1.8	1.8	1.8	1.8	1.8	1.8
1.2	1.2	1.2	1.2	1.2	1.2	1.2	1.2	1.2	1.2
1.2	1.2	1.2	1.2	1.2	1.2	1.2	1.2	1.2	1.2
1.7	1.7	1.7	1.7	1.7	1.7	1.7	1.7	1.7	1.7
0.6	0.6	0.6	0.6	0.6	0.6	0.6	0.6	0.6	0.6
2.7	2.7	2.7	2.7	2.7	2.7	2.7	2.7	2.7	2.7
1.0	1.0	1.0	1.0	1.0	1.0	1.0	1.0	1.0	1.0
0.3	0.3	0.3	0.3	0.3	0.3	0.3	0.3	0.3	0.3
1.8	1.8	1.8	1.8	1.8	1.8	1.8	1.8	1.8	1.8
1.9	1.9	1.9	1.9	1.9	1.9	1.9	1.9	1.9	1.9
2.2	2.2	2.2	2.2	2.2	2.2	2.2	2.2	2.2	2.2
0.1	0.1	0.1	0.1	0.1	0.1	0.1	0.1	0.1	0.1
1.2	1.2	1.2	1.2	1.2	1.2	1.2	1.2	1.2	1.2
2.5	2.5	2.5	2.5	2.5	2.5	2.5	2.5	2.5	2.5
0.3	0.3	0.3	0.3	0.3	0.3	0.3	0.3	0.3	0.3
3.0	3.0	3.0	3.0	3.0	3.0	3.0	3.0	3.0	3.0
1.0	1.0	1.0	1.0	1.0	1.0	1.0	1.0	1.0	1.0
2.4	2.4	2.4	2.4	2.4	2.4	2.4	2.4	2.4	2.4
0.8	0.8	0.8	0.8	0.8	0.8	0.8	0.8	0.8	0.8
0.9	0.9	0.9	0.9	0.9	0.9	0.9	0.9	0.9	0.9
0.6	0.6	0.6	0.6	0.6	0.6	0.6	0.6	0.6	0.6
0.8	0.8	0.8	0.8	0.8	0.8	0.8	0.8	0.8	0.8
0.6	0.6	0.6	0.6	0.6	0.6	0.6	0.6	0.6	0.6
2.1	2.1	2.1	2.1	2.1	2.1	2.1	2.1	2.1	2.1
1.5	1.5	1.5	1.5	1.5	1.5	1.5	1.5	1.5	1.5
2.5	2.5	2.5	2.5	2.5	2.5	2.5	2.5	2.5	2.5
2.1	2.1	2.1	2.1	2.1	2.1	2.1	2.1	2.1	2.1
1.0	1.0	1.0	1.0	1.0	1.0	1.0	1.0	1.0	1.0
1.8	1.8	1.8	1.8	1.8	1.8	1.8	1.8	1.8	1.8
3.3	3.3	3.3	3.3	3.3	3.3	3.3	3.3	3.3	3.3
0.9	0.9	0.9	0.9	0.9	0.9	0.9	0.9	0.9	0.9
0.3	0.3	0.3	0.3	0.3	0.3	0.3	0.3	0.3	0.3
1.2	1.2	1.2	1.2	1.2	1.2	1.2	1.2	1.2	1.2
0.2	0.2	0.2	0.2	0.2	0.2	0.2	0.2	0.2	0.2
0.2	0.2	0.2	0.2	0.2	0.2	0.2	0.2	0.2	0.2
0.5	0.5	0.5	0.5	0.5	0.5	0.5	0.5	0.5	0.5
0.4	0.4	0.4	0.4	0.4	0.4	0.4	0.4	0.4	0.4
1.0	1.0	1.0	1.0	1.0	1.0	1.0	1.0	1.0	1.0
1.4	1.4	1.4	1.4	1.4	1.4	1.4	1.4	1.4	1.4
0.2	0.2	0.2	0.2	0.2	0.2	0.2	0.2	0.2	0.2
0.5	0.5	0.5	0.5	0.5	0.5	0.5	0.5	0.5	0.5
3.8	3.8	3.8	3.8	3.8	3.8	3.8	3.8	3.8	3.8
1.9	1.9	1.9	1.9	1.9	1.9	1.9	1.9	1.9	1.9
0.6	0.6	0.6	0.6	0.6	0.6	0.6	0.6	0.6	0.6
1.2	1.2	1.2	1.2	1.2	1.2	1.2	1.2	1.2	1.2
1.9	1.9	1.9	1.9	1.9	1.9	1.9	1.9	1.9	1.9
2.8	2.8	2.8	2.8	2.8	2.8	2.8	2.8	2.8	2.8
1.5	1.5	1.5	1.5	1.5	1.5	1.5	1.5	1.5	1.5
1.3	1.3	1.3	1.3	1.3	1.3	1.3	1.3	1.3	1.3
1.4	1.4	1.4	1.4	1.4	1.4	1.4	1.4	1.4	1.4
1.5	1.5	1.5	1.5	1.5	1.5	1.5	1.5	1.5	1.5
1.8	1.8	1.8	1.8	1.8	1.8	1.8	1.8	1.8	1.8
0.6	0.6	0.6	0.6	0.6	0.6	0.6	0.6	0.6	0.6
1.3	1.3	1.3	1.3	1.3	1.3	1.3	1.3	1.3	1.3
1.7	1.7	1.7	1.7	1.7	1.7	1.7	1.7	1.7	1.7
2.2	2.2	2.2	2.2	2.2	2.2	2.2	2.2	2.2	2.2
2.1	2.1	2.1	2.1	2.1	2.1	2.1	2.1	2.1	2.1
1.2	1.2	1.2	1.2	1.2	1.2	1.2	1.2	1.2	1.2
2.4	2.4	2.4	2.4	2.4	2.4	2.4	2.4	2.4	2.4
0.2	0.2	0.2	0.2	0.2	0.2	0.2	0.2	0.2	0.2
0.3	0.3	0.3	0.3	0.3	0.3	0.3	0.3	0.3	0.3
0.7	0.7	0.7	0.7	0.7	0.7	0.7	0.7	0.7	0.7
1.6	1.6	1.6	1.6	1.6	1.6	1.6	1.6	1.6	1.6
1.5	1.5	1.5	1.5	1.5	1.5	1.5	1.5	1.5	1.5
0.6	0.6	0.6	0.6	0.6	0.6	0.6	0.6	0.6	0.6
1.3	1.3	1.3	1.3	1.3	1.3	1.3	1.3	1.3	1.3
1.1	1.1	1.1	1.1	1.1	1.1	1.1	1.1	1.1	1.1
0.4	0.4	0.4	0.4	0.4	0.4	0.4	0.4	0.4	0.4
2.4	2.4	2.4	2.4	2.4	2.4	2.4	2.4	2.4	2.4
1.9	1.9	1.9	1.9	1.9	1.9	1.9	1.9	1.9	1.9
1.0	1.0	1.0	1.0	1.0	1.0	1.0	1.0	1.0	1.0
1.9	1.9	1.9	1.9	1.9	1.9	1.9	1.9	1.9	1.9
0.9	0.9	0.9	0.9	0.9	0.9	0.9	0.9	0.9	0.9
1.5	1.5	1.5	1.5	1.5	1.5	1.5	1.5	1.5	1.5
1.3	1.3	1.3	1.3	1.3	1.3	1.3	1.3	1.3	1.3
0.5	0.5	0.5	0.5	0.5	0.5	0.5	0.5	0.5	0.5
0.4	0.4	0.4	0.4	0.4	0.4	0.4	0.4	0.4	0.4
1.3	1.3	1.3	1.3	1.3	1.3	1.3	1.3	1.3	1.3
0.4	0.4	0.4	0.4	0.4	0.4	0.4	0.4	0.4	0.4
0.7	0.7	0.7	0.7	0.7	0.7	0.7	0.7	0.7	0.7
0.1	0.1	0.1	0.1	0.1	0.1	0.1	0.1	0.1	0.1
1.6	1.6	1.6	1.6	1.6	1.6	1.6	1.6	1.6	1.6
1.9	1.9	1.9	1.9	1.9	1.9	1.9	1.9	1.9	1.9
]
