N_MACHINES:5	N_JOBS:200	CHARGING_TIME:60	INITIAL_CHARGE:10
D:[
22	22	22	22	22
8	8	8	8	8
42	42	42	42	42
24	24	24	24	24
8	8	8	8	8
74	74	74	74	74
3	3	3	3	3
4	4	4	4	4
25	25	25	25	25
61	61	61	61	61
23	23	23	23	23
29	29	29	29	29
6	6	6	6	6
47	47	47	47	47
52	52	52	52	52
4	4	4	4	4
1	1	1	1	1
19	19	19	19	19
16	16	16	16	16
25	25	25	25	25
8	8	8	8	8
20	20	20	20	20
58	58	58	58	58
50	50	50	50	50
44	44	44	44	44
15	15	15	15	15
7	7	7	7	7
18	18	18	18	18
27	27	27	27	27
49	49	49	49	49
72	72	72	72	72
16	16	16	16	16
5	5	5	5	5
18	18	18	18	18
32	32	32	32	32
1	1	1	1	1
12	12	12	12	12
4	4	4	4	4
21	21	21	21	21
20	20	20	20	20
24	24	24	24	24
24	24	24	24	24
23	23	23	23	23
32	32	32	32	32
21	21	21	21	21
24	24	24	24	24
10	10	10	10	10
25	25	25	25	25
32	32	32	32	32
4	4	4	4	4
29	29	29	29	29
29	29	29	29	29
36	36	36	36	36
28	28	28	28	28
46	46	46	46	46
11	11	11	11	11
10	10	10	10	10
27	27	27	27	27
12	12	12	12	12
10	10	10	10	10
25	25	25	25	25
47	47	47	47	47
59	59	59	59	59
24	24	24	24	24
18	18	18	18	18
13	13	13	13	13
51	51	51	51	51
56	56	56	56	56
24	24	24	24	24
4	4	4	4	4
11	11	11	11	11
27	27	27	27	27
35	35	35	35	35
54	54	54	54	54
38	38	38	38	38
29	29	29	29	29
11	11	11	11	11
18	18	18	18	18
56	56	56	56	56
17	17	17	17	17
14	14	14	14	14
22	22	22	22	22
29	29	29	29	29
28	28	28	28	28
15	15	15	15	15
32	32	32	32	32
39	39	39	39	39
35	35	35	35	35
22	22	22	22	22
45	45	45	45	45
23	23	23	23	23
16	16	16	16	16
21	21	21	21	21
24	24	24	24	24
27	27	27	27	27
26	26	26	26	26
45	45	45	45	45
19	19	19	19	19
7	7	7	7	7
10	10	10	10	10
14	14	14	14	14
9	9	9	9	9
47	47	47	47	47
13	13	13	13	13
48	48	48	48	48
40	40	40	40	40
22	22	22	22	22
50	50	50	50	50
11	11	11	11	11
5	5	5	5	5
21	21	21	21	21
46	46	46	46	46
39	39	39	39	39
30	30	30	30	30
18	18	18	18	18
3	3	3	3	3
9	9	9	9	9
25	25	25	25	25
7	7	7	7	7
11	11	11	11	11
26	26	26	26	26
6	6	6	6	6
59	59	59	59	59
34	34	34	34	34
43	43	43	43	43
7	7	7	7	7
27	27	27	27	27
29	29	29	29	29
49	49	49	49	49
42	42	42	42	42
29	29	29	29	29
29	29	29	29	29
17	17	17	17	17
41	41	41	41	41
27	27	27	27	27
8	8	8	8	8
2	2	2	2	2
5	5	5	5	5
62	62	62	62	62
21	21	21	21	21
2	2	2	2	2
4	4	4	4	4
19	19	19	19	19
19	19	19	19	19
5	5	5	5	5
10	10	10	10	10
2	2	2	2	2
31	31	31	31	31
25	25	25	25	25
2	2	2	2	2
11	11	11	11	11
22	22	22	22	22
1	1	1	1	1
47	47	47	47	47
20	20	20	20	20
20	20	20	20	20
6	6	6	6	6
58	58	58	58	58
53	53	53	53	53
3	3	3	3	3
36	36	36	36	36
25	25	25	25	25
49	49	49	49	49
51	51	51	51	51
28	28	28	28	28
50	50	50	50	50
54	54	54	54	54
2	2	2	2	2
18	18	18	18	18
14	14	14	14	14
31	31	31	31	31
23	23	23	23	23
58	58	58	58	58
12	12	12	12	12
19	19	19	19	19
9	9	9	9	9
68	68	68	68	68
24	24	24	24	24
7	7	7	7	7
6	6	6	6	6
46	46	46	46	46
18	18	18	18	18
49	49	49	49	49
28	28	28	28	28
30	30	30	30	30
11	11	11	11	11
10	10	10	10	10
6	6	6	6	6
28	28	28	28	28
17	17	17	17	17
28	28	28	28	28
21	21	21	21	21
2	2	2	2	2
22	22	22	22	22
46	46	46	46	46
1	1	1	1	1
37	37	37	37	37
25	25	25	25	25
47	47	47	47	47
26	26	26	26	26
]
w:[
1.9	1.9	1.9	1.9	1.9
8.7	8.7	8.7	8.7	8.7
7.4	7.4	7.4	7.4	7.4
3.8	3.8	3.8	3.8	3.8
2.2	2.2	2.2	2.2	2.2
5.5	5.5	5.5	5.5	5.5
9.9	9.9	9.9	9.9	9.9
4.5	4.5	4.5	4.5	4.5
1.3	1.3	1.3	1.3	1.3
7.2	7.2	7.2	7.2	7.2
0.7	0.7	0.7	0.7	0.7
3.7	3.7	3.7	3.7	3.7
3.3	3.3	3.3	3.3	3.3
2.2	2.2	2.2	2.2	2.2
0.6	0.6	0.6	0.6	0.6
4.7	4.7	4.7	4.7	4.7
9.3	9.3	9.3	9.3	9.3
3.5	3.5	3.5	3.5	3.5
7.5	7.5	7.5	7.5	7.5
1.7	1.7	1.7	1.7	1.7
3.2	3.2	3.2	3.2	3.2
4.3	4.3	4.3	4.3	4.3
5.3	5.3	5.3	5.3	5.3
4.4	4.4	4.4	4.4	4.4
8.0	8.0	8.0	8.0	8.0
5.2	5.2	5.2	5.2	5.2
3.1	3.1	3.1	3.1	3.1
7.3	7.3	7.3	7.3	7.3
1.0	1.0	1.0	1.0	1.0
1.2	1.2	1.2	1.2	1.2
4.1	4.1	4.1	4.1	4.1
5.5	5.5	5.5	5.5	5.5
6.8	6.8	6.8	6.8	6.8
4.0	4.0	4.0	4.0	4.0
3.5	3.5	3.5	3.5	3.5
7.3	7.3	7.3	7.3	7.3
2.2	2.2	2.2	2.2	2.2
6.1	6.1	6.1	6.1	6.1
8.9	8.9	8.9	8.9	8.9
4.6	4.6	4.6	4.6	4.6
3.0	3.0	3.0	3.0	3.0
5.7	5.7	5.7	5.7	5.7
5.7	5.7	5.7	5.7	5.7
8.2	8.2	8.2	8.2	8.2
1.1	1.1	1.1	1.1	1.1
5.7	5.7	5.7	5.7	5.7
0.6	0.6	0.6	0.6	0.6
3.3	3.3	3.3	3.3	3.3
1.8	1.8	1.8	1.8	1.8
3.1	3.1	3.1	3.1	3.1
9.1	9.1	9.1	9.1	9.1
7.8	7.8	7.8	7.8	7.8
7.1	7.1	7.1	7.1	7.1
5.3	5.3	5.3	5.3	5.3
0.5	0.5	0.5	0.5	0.5
4.2	4.2	4.2	4.2	4.2
5.8	5.8	5.8	5.8	5.8
8.9	8.9	8.9	8.9	8.9
5.1	5.1	5.1	5.1	5.1
4.7	4.7	4.7	4.7	4.7
0.4	0.4	0.4	0.4	0.4
8.2	8.2	8.2	8.2	8.2
5.1	5.1	5.1	5.1	5.1
8.3	8.3	8.3	8.3	8.3
7.4	7.4	7.4	7.4	7.4
8.6	8.6	8.6	8.6	8.6
0.5	0.5	0.5	0.5	0.5
6.2	6.2	6.2	6.2	6.2
5.3	5.3	5.3	5.3	5.3
3.9	3.9	3.9	3.9	3.9
8.6	8.6	8.6	8.6	8.6
4.5	4.5	4.5	4.5	4.5
1.7	1.7	1.7	1.7	1.7
7.0	7.0	7.0	7.0	7.0
6.3	6.3	6.3	6.3	6.3
4.1	4.1	4.1	4.1	4.1
6.9	6.9	6.9	6.9	6.9
4.9	4.9	4.9	4.9	4.9
1.3	1.3	1.3	1.3	1.3
5.6	5.6	5.6	5.6	5.6
3.3	3.3	3.3	3.3	3.3
4.6	4.6	4.6	4.6	4.6
0.6	0.6	0.6	0.6	0.6
6.4	6.4	6.4	6.4	6.4
3.8	3.8	3.8	3.8	3.8
9.9	9.9	9.9	9.9	9.9
5.0	5.0	5.0	5.0	5.0
8.6	8.6	8.6	8.6	8.6
3.7	3.7	3.7	3.7	3.7
6.2	6.2	6.2	6.2	6.2
2.6	2.6	2.6	2.6	2.6
5.7	5.7	5.7	5.7	5.7
9.5	9.5	9.5	9.5	9.5
9.5	9.5	9.5	9.5	9.5
6.9	6.9	6.9	6.9	6.9
0.9	0.9	0.9	0.9	0.9
9.1	9.1	9.1	9.1	9.1
7.1	7.1	7.1	7.1	7.1
4.0	4.0	4.0	4.0	4.0
6.6	6.6	6.6	6.6	6.6
8.3	8.3	8.3	8.3	8.3
7.4	7.4	7.4	7.4	7.4
5.6	5.6	5.6	5.6	5.6
4.9	4.9	4.9	4.9	4.9
1.8	1.8	1.8	1.8	1.8
4.6	4.6	4.6	4.6	4.6
3.0	3.0	3.0	3.0	3.0
8.8	8.8	8.8	8.8	8.8
9.2	9.2	9.2	9.2	9.2
6.0	6.0	6.0	6.0	6.0
1.6	1.6	1.6	1.6	1.6
3.3	3.3	3.3	3.3	3.3
3.4	3.4	3.4	3.4	3.4
4.5	4.5	4.5	4.5	4.5
7.4	7.4	7.4	7.4	7.4
5.1	5.1	5.1	5.1	5.1
2.4	2.4	2.4	2.4	2.4
2.9	2.9	2.9	2.9	2.9
9.7	9.7	9.7	9.7	9.7
4.5	4.5	4.5	4.5	4.5
1.6	1.6	1.6	1.6	1.6
8.7	8.7	8.7	8.7	8.7
6.8	6.8	6.8	6.8	6.8
4.0	4.0	4.0	4.0	4.0
1.2	1.2	1.2	1.2	1.2
9.8	9.8	9.8	9.8	9.8
0.7	0.7	0.7	0.7	0.7
5.9	5.9	5.9	5.9	5.9
8.4	8.4	8.4	8.4	8.4
7.4	7.4	7.4	7.4	7.4
3.7	3.7	3.7	3.7	3.7
6.8	6.8	6.8	6.8	6.8
4.6	4.6	4.6	4.6	4.6
5.5	5.5	5.5	5.5	5.5
8.1	8.1	8.1	8.1	8.1
3.1	3.1	3.1	3.1	3.1
6.1	6.1	6.1	6.1	6.1
2.6	2.6	2.6	2.6	2.6
7.8	7.8	7.8	7.8	7.8
3.4	3.4	3.4	3.4	3.4
2.7	2.7	2.7	2.7	2.7
5.2	5.2	5.2	5.2	5.2
9.2	9.2	9.2	9.2	9.2
7.0	7.0	7.0	7.0	7.0
5.0	5.0	5.0	5.0	5.0
6.5	6.5	6.5	6.5	6.5
5.3	5.3	5.3	5.3	5.3
1.8	1.8	1.8	1.8	1.8
3.6	3.6	3.6	3.6	3.6
9.8	9.8	9.8	9.8	9.8
1.7	1.7	1.7	1.7	1.7
6.5	6.5	6.5	6.5	6.5
2.9	2.9	2.9	2.9	2.9
0.9	0.9	0.9	0.9	0.9
5.7	5.7	5.7	5.7	5.7
2.0	2.0	2.0	2.0	2.0
7.4	7.4	7.4	7.4	7.4
3.6	3.6	3.6	3.6	3.6
2.0	2.0	2.0	2.0	2.0
7.3	7.3	7.3	7.3	7.3
5.0	5.0	5.0	5.0	5.0
5.6	5.6	5.6	5.6	5.6
6.2	6.2	6.2	6.2	6.2
0.5	0.5	0.5	0.5	0.5
4.1	4.1	4.1	4.1	4.1
3.2	3.2	3.2	3.2	3.2
6.3	6.3	6.3	6.3	6.3
8.5	8.5	8.5	8.5	8.5
1.2	1.2	1.2	1.2	1.2
6.9	6.9	6.9	6.9	6.9
1.5	1.5	1.5	1.5	1.5
8.4	8.4	8.4	8.4	8.4
1.0	1.0	1.0	1.0	1.0
4.5	4.5	4.5	4.5	4.5
1.0	1.0	1.0	1.0	1.0
3.4	3.4	3.4	3.4	3.4
2.0	2.0	2.0	2.0	2.0
4.8	4.8	4.8	4.8	4.8
0.1	0.1	0.1	0.1	0.1
2.9	2.9	2.9	2.9	2.9
7.0	7.0	7.0	7.0	7.0
0.1	0.1	0.1	0.1	0.1
5.1	5.1	5.1	5.1	5.1
4.4	4.4	4.4	4.4	4.4
9.7	9.7	9.7	9.7	9.7
8.0	8.0	8.0	8.0	8.0
8.0	8.0	8.0	8.0	8.0
0.5	0.5	0.5	0.5	0.5
5.0	5.0	5.0	5.0	5.0
2.9	2.9	2.9	2.9	2.9
4.6	4.6	4.6	4.6	4.6
5.6	5.6	5.6	5.6	5.6
0.7	0.7	0.7	0.7	0.7
2.9	2.9	2.9	2.9	2.9
6.4	6.4	6.4	6.4	6.4
4.3	4.3	4.3	4.3	4.3
3.8	3.8	3.8	3.8	3.8
4.9	4.9	4.9	4.9	4.9
6.6	6.6	6.6	6.6	6.6
2.9	2.9	2.9	2.9	2.9
]
