N_MACHINES:10	N_JOBS:150	CHARGING_TIME:60	INITIAL_CHARGE:10
D:[
4	4	4	4	4	4	4	4	4	4
24	24	24	24	24	24	24	24	24	24
25	25	25	25	25	25	25	25	25	25
20	20	20	20	20	20	20	20	20	20
2	2	2	2	2	2	2	2	2	2
11	11	11	11	11	11	11	11	11	11
23	23	23	23	23	23	23	23	23	23
22	22	22	22	22	22	22	22	22	22
13	13	13	13	13	13	13	13	13	13
8	8	8	8	8	8	8	8	8	8
34	34	34	34	34	34	34	34	34	34
11	11	11	11	11	11	11	11	11	11
31	31	31	31	31	31	31	31	31	31
5	5	5	5	5	5	5	5	5	5
14	14	14	14	14	14	14	14	14	14
18	18	18	18	18	18	18	18	18	18
2	2	2	2	2	2	2	2	2	2
37	37	37	37	37	37	37	37	37	37
9	9	9	9	9	9	9	9	9	9
43	43	43	43	43	43	43	43	43	43
8	8	8	8	8	8	8	8	8	8
6	6	6	6	6	6	6	6	6	6
18	18	18	18	18	18	18	18	18	18
49	49	49	49	49	49	49	49	49	49
21	21	21	21	21	21	21	21	21	21
36	36	36	36	36	36	36	36	36	36
35	35	35	35	35	35	35	35	35	35
29	29	29	29	29	29	29	29	29	29
25	25	25	25	25	25	25	25	25	25
3	3	3	3	3	3	3	3	3	3
3	3	3	3	3	3	3	3	3	3
23	23	23	23	23	23	23	23	23	23
6	6	6	6	6	6	6	6	6	6
18	18	18	18	18	18	18	18	18	18
19	19	19	19	19	19	19	19	19	19
25	25	25	25	25	25	25	25	25	25
15	15	15	15	15	15	15	15	15	15
26	26	26	26	26	26	26	26	26	26
47	47	47	47	47	47	47	47	47	47
21	21	21	21	21	21	21	21	21	21
6	6	6	6	6	6	6	6	6	6
12	12	12	12	12	12	12	12	12	12
40	40	40	40	40	40	40	40	40	40
33	33	33	33	33	33	33	33	33	33
37	37	37	37	37	37	37	37	37	37
29	29	29	29	29	29	29	29	29	29
33	33	33	33	33	33	33	33	33	33
29	29	29	29	29	29	29	29	29	29
5	5	5	5	5	5	5	5	5	5
35	35	35	35	35	35	35	35	35	35
42	42	42	42	42	42	42	42	42	42
21	21	21	21	21	21	21	21	21	21
19	19	19	19	19	19	19	19	19	19
19	19	19	19	19	19	19	19	19	19
4	4	4	4	4	4	4	4	4	4
27	27	27	27	27	27	27	27	27	27
35	35	35	35	35	35	35	35	35	35
27	27	27	27	27	27	27	27	27	27
40	40	40	40	40	40	40	40	40	40
4	4	4	4	4	4	4	4	4	4
17	17	17	17	17	17	17	17	17	17
34	34	34	34	34	34	34	34	34	34
25	25	25	25	25	25	25	25	25	25
9	9	9	9	9	9	9	9	9	9
42	42	42	42	42	42	42	42	42	42
49	49	49	49	49	49	49	49	49	49
18	18	18	18	18	18	18	18	18	18
23	23	23	23	23	23	23	23	23	23
33	33	33	33	33	33	33	33	33	33
56	56	56	56	56	56	56	56	56	56
12	12	12	12	12	12	12	12	12	12
24	24	24	24	24	24	24	24	24	24
41	41	41	41	41	41	41	41	41	41
16	16	16	16	16	16	16	16	16	16
26	26	26	26	26	26	26	26	26	26
44	44	44	44	44	44	44	44	44	44
5	5	5	5	5	5	5	5	5	5
31	31	31	31	31	31	31	31	31	31
37	37	37	37	37	37	37	37	37	37
37	37	37	37	37	37	37	37	37	37
41	41	41	41	41	41	41	41	41	41
24	24	24	24	24	24	24	24	24	24
17	17	17	17	17	17	17	17	17	17
55	55	55	55	55	55	55	55	55	55
14	14	14	14	14	14	14	14	14	14
0	0	0	0	0	0	0	0	0	0
41	41	41	41	41	41	41	41	41	41
0	0	0	0	0	0	0	0	0	0
48	48	48	48	48	48	48	48	48	48
39	39	39	39	39	39	39	39	39	39
11	11	11	11	11	11	11	11	11	11
25	25	25	25	25	25	25	25	25	25
26	26	26	26	26	26	26	26	26	26
23	23	23	23	23	23	23	23	23	23
52	52	52	52	52	52	52	52	52	52
49	49	49	49	49	49	49	49	49	49
20	20	20	20	20	20	20	20	20	20
67	67	67	67	67	67	67	67	67	67
10	10	10	10	10	10	10	10	10	10
2	2	2	2	2	2	2	2	2	2
32	32	32	32	32	32	32	32	32	32
24	24	24	24	24	24	24	24	24	24
14	14	14	14	14	14	14	14	14	14
22	22	22	22	22	22	22	22	22	22
48	48	48	48	48	48	48	48	48	48
25	25	25	25	25	25	25	25	25	25
33	33	33	33	33	33	33	33	33	33
21	21	21	21	21	21	21	21	21	21
24	24	24	24	24	24	24	24	24	24
37	37	37	37	37	37	37	37	37	37
28	28	28	28	28	28	28	28	28	28
22	22	22	22	22	22	22	22	22	22
31	31	31	31	31	31	31	31	31	31
7	7	7	7	7	7	7	7	7	7
44	44	44	44	44	44	44	44	44	44
30	30	30	30	30	30	30	30	30	30
13	13	13	13	13	13	13	13	13	13
20	20	20	20	20	20	20	20	20	20
33	33	33	33	33	33	33	33	33	33
52	52	52	52	52	52	52	52	52	52
37	37	37	37	37	37	37	37	37	37
36	36	36	36	36	36	36	36	36	36
13	13	13	13	13	13	13	13	13	13
11	11	11	11	11	11	11	11	11	11
52	52	52	52	52	52	52	52	52	52
34	34	34	34	34	34	34	34	34	34
39	39	39	39	39	39	39	39	39	39
81	81	81	81	81	81	81	81	81	81
1	1	1	1	1	1	1	1	1	1
4	4	4	4	4	4	4	4	4	4
6	6	6	6	6	6	6	6	6	6
49	49	49	49	49	49	49	49	49	49
40	40	40	40	40	40	40	40	40	40
31	31	31	31	31	31	31	31	31	31
18	18	18	18	18	18	18	18	18	18
0	0	0	0	0	0	0	0	0	0
6	6	6	6	6	6	6	6	6	6
31	31	31	31	31	31	31	31	31	31
0	0	0	0	0	0	0	0	0	0
40	40	40	40	40	40	40	40	40	40
10	10	10	10	10	10	10	10	10	10
39	39	39	39	39	39	39	39	39	39
16	16	16	16	16	16	16	16	16	16
15	15	15	15	15	15	15	15	15	15
22	22	22	22	22	22	22	22	22	22
16	16	16	16	16	16	16	16	16	16
22	22	22	22	22	22	22	22	22	22
20	20	20	20	20	20	20	20	20	20
46	46	46	46	46	46	46	46	46	46
53	53	53	53	53	53	53	53	53	53
]
w:[
3.8	3.8	3.8	3.8	3.8	3.8	3.8	3.8	3.8	3.8
2.2	2.2	2.2	2.2	2.2	2.2	2.2	2.2	2.2	2.2
7.1	7.1	7.1	7.1	7.1	7.1	7.1	7.1	7.1	7.1
0.8	0.8	0.8	0.8	0.8	0.8	0.8	0.8	0.8	0.8
9.2	9.2	9.2	9.2	9.2	9.2	9.2	9.2	9.2	9.2
2.3	2.3	2.3	2.3	2.3	2.3	2.3	2.3	2.3	2.3
3.8	3.8	3.8	3.8	3.8	3.8	3.8	3.8	3.8	3.8
2.7	2.7	2.7	2.7	2.7	2.7	2.7	2.7	2.7	2.7
8.0	8.0	8.0	8.0	8.0	8.0	8.0	8.0	8.0	8.0
3.3	3.3	3.3	3.3	3.3	3.3	3.3	3.3	3.3	3.3
1.4	1.4	1.4	1.4	1.4	1.4	1.4	1.4	1.4	1.4
0.2	0.2	0.2	0.2	0.2	0.2	0.2	0.2	0.2	0.2
4.5	4.5	4.5	4.5	4.5	4.5	4.5	4.5	4.5	4.5
1.1	1.1	1.1	1.1	1.1	1.1	1.1	1.1	1.1	1.1
3.1	3.1	3.1	3.1	3.1	3.1	3.1	3.1	3.1	3.1
1.5	1.5	1.5	1.5	1.5	1.5	1.5	1.5	1.5	1.5
7.9	7.9	7.9	7.9	7.9	7.9	7.9	7.9	7.9	7.9
5.0	5.0	5.0	5.0	5.0	5.0	5.0	5.0	5.0	5.0
2.7	2.7	2.7	2.7	2.7	2.7	2.7	2.7	2.7	2.7
9.3	9.3	9.3	9.3	9.3	9.3	9.3	9.3	9.3	9.3
2.9	2.9	2.9	2.9	2.9	2.9	2.9	2.9	2.9	2.9
2.1	2.1	2.1	2.1	2.1	2.1	2.1	2.1	2.1	2.1
3.8	3.8	3.8	3.8	3.8	3.8	3.8	3.8	3.8	3.8
4.8	4.8	4.8	4.8	4.8	4.8	4.8	4.8	4.8	4.8
7.2	7.2	7.2	7.2	7.2	7.2	7.2	7.2	7.2	7.2
6.3	6.3	6.3	6.3	6.3	6.3	6.3	6.3	6.3	6.3
4.2	4.2	4.2	4.2	4.2	4.2	4.2	4.2	4.2	4.2
0.9	0.9	0.9	0.9	0.9	0.9	0.9	0.9	0.9	0.9
4.9	4.9	4.9	4.9	4.9	4.9	4.9	4.9	4.9	4.9
0.4	0.4	0.4	0.4	0.4	0.4	0.4	0.4	0.4	0.4
0.8	0.8	0.8	0.8	0.8	0.8	0.8	0.8	0.8	0.8
1.8	1.8	1.8	1.8	1.8	1.8	1.8	1.8	1.8	1.8
0.4	0.4	0.4	0.4	0.4	0.4	0.4	0.4	0.4	0.4
3.9	3.9	3.9	3.9	3.9	3.9	3.9	3.9	3.9	3.9
3.4	3.4	3.4	3.4	3.4	3.4	3.4	3.4	3.4	3.4
1.8	1.8	1.8	1.8	1.8	1.8	1.8	1.8	1.8	1.8
4.6	4.6	4.6	4.6	4.6	4.6	4.6	4.6	4.6	4.6
0.6	0.6	0.6	0.6	0.6	0.6	0.6	0.6	0.6	0.6
1.7	1.7	1.7	1.7	1.7	1.7	1.7	1.7	1.7	1.7
5.5	5.5	5.5	5.5	5.5	5.5	5.5	5.5	5.5	5.5
2.0	2.0	2.0	2.0	2.0	2.0	2.0	2.0	2.0	2.0
6.0	6.0	6.0	6.0	6.0	6.0	6.0	6.0	6.0	6.0
1.2	1.2	1.2	1.2	1.2	1.2	1.2	1.2	1.2	1.2
9.7	9.7	9.7	9.7	9.7	9.7	9.7	9.7	9.7	9.7
5.1	5.1	5.1	5.1	5.1	5.1	5.1	5.1	5.1	5.1
3.5	3.5	3.5	3.5	3.5	3.5	3.5	3.5	3.5	3.5
1.6	1.6	1.6	1.6	1.6	1.6	1.6	1.6	1.6	1.6
4.8	4.8	4.8	4.8	4.8	4.8	4.8	4.8	4.8	4.8
0.7	0.7	0.7	0.7	0.7	0.7	0.7	0.7	0.7	0.7
0.9	0.9	0.9	0.9	0.9	0.9	0.9	0.9	0.9	0.9
2.5	2.5	2.5	2.5	2.5	2.5	2.5	2.5	2.5	2.5
2.9	2.9	2.9	2.9	2.9	2.9	2.9	2.9	2.9	2.9
5.3	5.3	5.3	5.3	5.3	5.3	5.3	5.3	5.3	5.3
6.2	6.2	6.2	6.2	6.2	6.2	6.2	6.2	6.2	6.2
2.6	2.6	2.6	2.6	2.6	2.6	2.6	2.6	2.6	2.6
4.1	4.1	4.1	4.1	4.1	4.1	4.1	4.1	4.1	4.1
7.5	7.5	7.5	7.5	7.5	7.5	7.5	7.5	7.5	7.5
1.5	1.5	1.5	1.5	1.5	1.5	1.5	1.5	1.5	1.5
6.2	6.2	6.2	6.2	6.2	6.2	6.2	6.2	6.2	6.2
1.3	1.3	1.3	1.3	1.3	1.3	1.3	1.3	1.3	1.3
5.1	5.1	5.1	5.1	5.1	5.1	5.1	5.1	5.1	5.1
1.6	1.6	1.6	1.6	1.6	1.6	1.6	1.6	1.6	1.6
1.2	1.2	1.2	1.2	1.2	1.2	1.2	1.2	1.2	1.2
9.2	9.2	9.2	9.2	9.2	9.2	9.2	9.2	9.2	9.2
8.3	8.3	8.3	8.3	8.3	8.3	8.3	8.3	8.3	8.3
5.3	5.3	5.3	5.3	5.3	5.3	5.3	5.3	5.3	5.3
9.2	9.2	9.2	9.2	9.2	9.2	9.2	9.2	9.2	9.2
1.4	1.4	1.4	1.4	1.4	1.4	1.4	1.4	1.4	1.4
3.9	3.9	3.9	3.9	3.9	3.9	3.9	3.9	3.9	3.9
4.2	4.2	4.2	4.2	4.2	4.2	4.2	4.2	4.2	4.2
2.7	2.7	2.7	2.7	2.7	2.7	2.7	2.7	2.7	2.7
2.9	2.9	2.9	2.9	2.9	2.9	2.9	2.9	2.9	2.9
3.9	3.9	3.9	3.9	3.9	3.9	3.9	3.9	3.9	3.9
6.2	6.2	6.2	6.2	6.2	6.2	6.2	6.2	6.2	6.2
4.3	4.3	4.3	4.3	4.3	4.3	4.3	4.3	4.3	4.3
2.6	2.6	2.6	2.6	2.6	2.6	2.6	2.6	2.6	2.6
1.3	1.3	1.3	1.3	1.3	1.3	1.3	1.3	1.3	1.3
3.5	3.5	3.5	3.5	3.5	3.5	3.5	3.5	3.5	3.5
4.9	4.9	4.9	4.9	4.9	4.9	4.9	4.9	4.9	4.9
2.8	2.8	2.8	2.8	2.8	2.8	2.8	2.8	2.8	2.8
6.2	6.2	6.2	6.2	6.2	6.2	6.2	6.2	6.2	6.2
1.3	1.3	1.3	1.3	1.3	1.3	1.3	1.3	1.3	1.3
3.8	3.8	3.8	3.8	3.8	3.8	3.8	3.8	3.8	3.8
1.0	1.0	1.0	1.0	1.0	1.0	1.0	1.0	1.0	1.0
2.2	2.2	2.2	2.2	2.2	2.2	2.2	2.2	2.2	2.2
4.1	4.1	4.1	4.1	4.1	4.1	4.1	4.1	4.1	4.1
7.9	7.9	7.9	7.9	7.9	7.9	7.9	7.9	7.9	7.9
5.6	5.6	5.6	5.6	5.6	5.6	5.6	5.6	5.6	5.6
9.9	9.9	9.9	9.9	9.9	9.9	9.9	9.9	9.9	9.9
2.2	2.2	2.2	2.2	2.2	2.2	2.2	2.2	2.2	2.2
1.7	1.7	1.7	1.7	1.7	1.7	1.7	1.7	1.7	1.7
3.5	3.5	3.5	3.5	3.5	3.5	3.5	3.5	3.5	3.5
1.1	1.1	1.1	1.1	1.1	1.1	1.1	1.1	1.1	1.1
2.1	2.1	2.1	2.1	2.1	2.1	2.1	2.1	2.1	2.1
4.1	4.1	4.1	4.1	4.1	4.1	4.1	4.1	4.1	4.1
2.7	2.7	2.7	2.7	2.7	2.7	2.7	2.7	2.7	2.7
3.8	3.8	3.8	3.8	3.8	3.8	3.8	3.8	3.8	3.8
7.7	7.7	7.7	7.7	7.7	7.7	7.7	7.7	7.7	7.7
2.6	2.6	2.6	2.6	2.6	2.6	2.6	2.6	2.6	2.6
5.5	5.5	5.5	5.5	5.5	5.5	5.5	5.5	5.5	5.5
4.6	4.6	4.6	4.6	4.6	4.6	4.6	4.6	4.6	4.6
4.8	4.8	4.8	4.8	4.8	4.8	4.8	4.8	4.8	4.8
1.6	1.6	1.6	1.6	1.6	1.6	1.6	1.6	1.6	1.6
7.2	7.2	7.2	7.2	7.2	7.2	7.2	7.2	7.2	7.2
3.7	3.7	3.7	3.7	3.7	3.7	3.7	3.7	3.7	3.7
0.1	0.1	0.1	0.1	0.1	0.1	0.1	0.1	0.1	0.1
2.7	2.7	2.7	2.7	2.7	2.7	2.7	2.7	2.7	2.7
0.1	0.1	0.1	0.1	0.1	0.1	0.1	0.1	0.1	0.1
0.9	0.9	0.9	0.9	0.9	0.9	0.9	0.9	0.9	0.9
5.5	5.5	5.5	5.5	5.5	5.5	5.5	5.5	5.5	5.5
0.6	0.6	0.6	0.6	0.6	0.6	0.6	0.6	0.6	0.6
1.7	1.7	1.7	1.7	1.7	1.7	1.7	1.7	1.7	1.7
8.7	8.7	8.7	8.7	8.7	8.7	8.7	8.7	8.7	8.7
5.0	5.0	5.0	5.0	5.0	5.0	5.0	5.0	5.0	5.0
7.9	7.9	7.9	7.9	7.9	7.9	7.9	7.9	7.9	7.9
3.7	3.7	3.7	3.7	3.7	3.7	3.7	3.7	3.7	3.7
3.9	3.9	3.9	3.9	3.9	3.9	3.9	3.9	3.9	3.9
7.0	7.0	7.0	7.0	7.0	7.0	7.0	7.0	7.0	7.0
7.8	7.8	7.8	7.8	7.8	7.8	7.8	7.8	7.8	7.8
3.1	3.1	3.1	3.1	3.1	3.1	3.1	3.1	3.1	3.1
3.1	3.1	3.1	3.1	3.1	3.1	3.1	3.1	3.1	3.1
2.1	2.1	2.1	2.1	2.1	2.1	2.1	2.1	2.1	2.1
6.8	6.8	6.8	6.8	6.8	6.8	6.8	6.8	6.8	6.8
6.0	6.0	6.0	6.0	6.0	6.0	6.0	6.0	6.0	6.0
4.1	4.1	4.1	4.1	4.1	4.1	4.1	4.1	4.1	4.1
4.8	4.8	4.8	4.8	4.8	4.8	4.8	4.8	4.8	4.8
5.3	5.3	5.3	5.3	5.3	5.3	5.3	5.3	5.3	5.3
1.5	1.5	1.5	1.5	1.5	1.5	1.5	1.5	1.5	1.5
4.9	4.9	4.9	4.9	4.9	4.9	4.9	4.9	4.9	4.9
3.5	3.5	3.5	3.5	3.5	3.5	3.5	3.5	3.5	3.5
3.8	3.8	3.8	3.8	3.8	3.8	3.8	3.8	3.8	3.8
6.6	6.6	6.6	6.6	6.6	6.6	6.6	6.6	6.6	6.6
7.5	7.5	7.5	7.5	7.5	7.5	7.5	7.5	7.5	7.5
9.3	9.3	9.3	9.3	9.3	9.3	9.3	9.3	9.3	9.3
7.0	7.0	7.0	7.0	7.0	7.0	7.0	7.0	7.0	7.0
3.6	3.6	3.6	3.6	3.6	3.6	3.6	3.6	3.6	3.6
4.3	4.3	4.3	4.3	4.3	4.3	4.3	4.3	4.3	4.3
3.5	3.5	3.5	3.5	3.5	3.5	3.5	3.5	3.5	3.5
4.2	4.2	4.2	4.2	4.2	4.2	4.2	4.2	4.2	4.2
2.6	2.6	2.6	2.6	2.6	2.6	2.6	2.6	2.6	2.6
2.4	2.4	2.4	2.4	2.4	2.4	2.4	2.4	2.4	2.4
7.4	7.4	7.4	7.4	7.4	7.4	7.4	7.4	7.4	7.4
0.8	0.8	0.8	0.8	0.8	0.8	0.8	0.8	0.8	0.8
4.6	4.6	4.6	4.6	4.6	4.6	4.6	4.6	4.6	4.6
5.5	5.5	5.5	5.5	5.5	5.5	5.5	5.5	5.5	5.5
4.4	4.4	4.4	4.4	4.4	4.4	4.4	4.4	4.4	4.4
1.8	1.8	1.8	1.8	1.8	1.8	1.8	1.8	1.8	1.8
5.3	5.3	5.3	5.3	5.3	5.3	5.3	5.3	5.3	5.3
2.4	2.4	2.4	2.4	2.4	2.4	2.4	2.4	2.4	2.4
4.2	4.2	4.2	4.2	4.2	4.2	4.2	4.2	4.2	4.2
]
