N_MACHINES:10	N_JOBS:100	CHARGING_TIME:60	INITIAL_CHARGE:10
D:[
15	15	15	15	15	15	15	15	15	15
11	11	11	11	11	11	11	11	11	11
17	17	17	17	17	17	17	17	17	17
24	24	24	24	24	24	24	24	24	24
1	1	1	1	1	1	1	1	1	1
8	8	8	8	8	8	8	8	8	8
18	18	18	18	18	18	18	18	18	18
6	6	6	6	6	6	6	6	6	6
15	15	15	15	15	15	15	15	15	15
18	18	18	18	18	18	18	18	18	18
16	16	16	16	16	16	16	16	16	16
23	23	23	23	23	23	23	23	23	23
20	20	20	20	20	20	20	20	20	20
2	2	2	2	2	2	2	2	2	2
5	5	5	5	5	5	5	5	5	5
1	1	1	1	1	1	1	1	1	1
7	7	7	7	7	7	7	7	7	7
7	7	7	7	7	7	7	7	7	7
12	12	12	12	12	12	12	12	12	12
13	13	13	13	13	13	13	13	13	13
4	4	4	4	4	4	4	4	4	4
22	22	22	22	22	22	22	22	22	22
7	7	7	7	7	7	7	7	7	7
15	15	15	15	15	15	15	15	15	15
0	0	0	0	0	0	0	0	0	0
9	9	9	9	9	9	9	9	9	9
11	11	11	11	11	11	11	11	11	11
25	25	25	25	25	25	25	25	25	25
27	27	27	27	27	27	27	27	27	27
37	37	37	37	37	37	37	37	37	37
25	25	25	25	25	25	25	25	25	25
3	3	3	3	3	3	3	3	3	3
3	3	3	3	3	3	3	3	3	3
29	29	29	29	29	29	29	29	29	29
1	1	1	1	1	1	1	1	1	1
6	6	6	6	6	6	6	6	6	6
2	2	2	2	2	2	2	2	2	2
4	4	4	4	4	4	4	4	4	4
16	16	16	16	16	16	16	16	16	16
1	1	1	1	1	1	1	1	1	1
26	26	26	26	26	26	26	26	26	26
19	19	19	19	19	19	19	19	19	19
0	0	0	0	0	0	0	0	0	0
10	10	10	10	10	10	10	10	10	10
14	14	14	14	14	14	14	14	14	14
17	17	17	17	17	17	17	17	17	17
16	16	16	16	16	16	16	16	16	16
9	9	9	9	9	9	9	9	9	9
10	10	10	10	10	10	10	10	10	10
10	10	10	10	10	10	10	10	10	10
8	8	8	8	8	8	8	8	8	8
17	17	17	17	17	17	17	17	17	17
5	5	5	5	5	5	5	5	5	5
2	2	2	2	2	2	2	2	2	2
15	15	15	15	15	15	15	15	15	15
13	13	13	13	13	13	13	13	13	13
3	3	3	3	3	3	3	3	3	3
8	8	8	8	8	8	8	8	8	8
22	22	22	22	22	22	22	22	22	22
3	3	3	3	3	3	3	3	3	3
16	16	16	16	16	16	16	16	16	16
39	39	39	39	39	39	39	39	39	39
13	13	13	13	13	13	13	13	13	13
23	23	23	23	23	23	23	23	23	23
5	5	5	5	5	5	5	5	5	5
22	22	22	22	22	22	22	22	22	22
14	14	14	14	14	14	14	14	14	14
5	5	5	5	5	5	5	5	5	5
14	14	14	14	14	14	14	14	14	14
14	14	14	14	14	14	14	14	14	14
6	6	6	6	6	6	6	6	6	6
7	7	7	7	7	7	7	7	7	7
17	17	17	17	17	17	17	17	17	17
18	18	18	18	18	18	18	18	18	18
11	11	11	11	11	11	11	11	11	11
14	14	14	14	14	14	14	14	14	14
4	4	4	4	4	4	4	4	4	4
31	31	31	31	31	31	31	31	31	31
6	6	6	6	6	6	6	6	6	6
9	9	9	9	9	9	9	9	9	9
6	6	6	6	6	6	6	6	6	6
14	14	14	14	14	14	14	14	14	14
26	26	26	26	26	26	26	26	26	26
10	10	10	10	10	10	10	10	10	10
17	17	17	17	17	17	17	17	17	17
4	4	4	4	4	4	4	4	4	4
7	7	7	7	7	7	7	7	7	7
17	17	17	17	17	17	17	17	17	17
9	9	9	9	9	9	9	9	9	9
15	15	15	15	15	15	15	15	15	15
8	8	8	8	8	8	8	8	8	8
17	17	17	17	17	17	17	17	17	17
12	12	12	12	12	12	12	12	12	12
2	2	2	2	2	2	2	2	2	2
6	6	6	6	6	6	6	6	6	6
6	6	6	6	6	6	6	6	6	6
19	19	19	19	19	19	19	19	19	19
7	7	7	7	7	7	7	7	7	7
11	11	11	11	11	11	11	11	11	11
16	16	16	16	16	16	16	16	16	16
]
w:[
3.9	3.9	3.9	3.9	3.9	3.9	3.9	3.9	3.9	3.9
4.1	4.1	4.1	4.1	4.1	4.1	4.1	4.1	4.1	4.1
0.8	0.8	0.8	0.8	0.8	0.8	0.8	0.8	0.8	0.8
4.3	4.3	4.3	4.3	4.3	4.3	4.3	4.3	4.3	4.3
4.2	4.2	4.2	4.2	4.2	4.2	4.2	4.2	4.2	4.2
1.3	1.3	1.3	1.3	1.3	1.3	1.3	1.3	1.3	1.3
3.0	3.0	3.0	3.0	3.0	3.0	3.0	3.0	3.0	3.0
4.5	4.5	4.5	4.5	4.5	4.5	4.5	4.5	4.5	4.5
2.3	2.3	2.3	2.3	2.3	2.3	2.3	2.3	2.3	2.3
3.6	3.6	3.6	3.6	3.6	3.6	3.6	3.6	3.6	3.6
2.3	2.3	2.3	2.3	2.3	2.3	2.3	2.3	2.3	2.3
0.3	0.3	0.3	0.3	0.3	0.3	0.3	0.3	0.3	0.3
5.5	5.5	5.5	5.5	5.5	5.5	5.5	5.5	5.5	5.5
0.9	0.9	0.9	0.9	0.9	0.9	0.9	0.9	0.9	0.9
1.7	1.7	1.7	1.7	1.7	1.7	1.7	1.7	1.7	1.7
1.5	1.5	1.5	1.5	1.5	1.5	1.5	1.5	1.5	1.5
4.5	4.5	4.5	4.5	4.5	4.5	4.5	4.5	4.5	4.5
2.8	2.8	2.8	2.8	2.8	2.8	2.8	2.8	2.8	2.8
1.8	1.8	1.8	1.8	1.8	1.8	1.8	1.8	1.8	1.8
5.2	5.2	5.2	5.2	5.2	5.2	5.2	5.2	5.2	5.2
2.9	2.9	2.9	2.9	2.9	2.9	2.9	2.9	2.9	2.9
5.2	5.2	5.2	5.2	5.2	5.2	5.2	5.2	5.2	5.2
1.5	1.5	1.5	1.5	1.5	1.5	1.5	1.5	1.5	1.5
1.8	1.8	1.8	1.8	1.8	1.8	1.8	1.8	1.8	1.8
2.0	2.0	2.0	2.0	2.0	2.0	2.0	2.0	2.0	2.0
4.6	4.6	4.6	4.6	4.6	4.6	4.6	4.6	4.6	4.6
3.3	3.3	3.3	3.3	3.3	3.3	3.3	3.3	3.3	3.3
2.0	2.0	2.0	2.0	2.0	2.0	2.0	2.0	2.0	2.0
4.6	4.6	4.6	4.6	4.6	4.6	4.6	4.6	4.6	4.6
0.8	0.8	0.8	0.8	0.8	0.8	0.8	0.8	0.8	0.8
4.3	4.3	4.3	4.3	4.3	4.3	4.3	4.3	4.3	4.3
2.0	2.0	2.0	2.0	2.0	2.0	2.0	2.0	2.0	2.0
1.2	1.2	1.2	1.2	1.2	1.2	1.2	1.2	1.2	1.2
1.9	1.9	1.9	1.9	1.9	1.9	1.9	1.9	1.9	1.9
5.3	5.3	5.3	5.3	5.3	5.3	5.3	5.3	5.3	5.3
3.3	3.3	3.3	3.3	3.3	3.3	3.3	3.3	3.3	3.3
4.8	4.8	4.8	4.8	4.8	4.8	4.8	4.8	4.8	4.8
0.7	0.7	0.7	0.7	0.7	0.7	0.7	0.7	0.7	0.7
5.8	5.8	5.8	5.8	5.8	5.8	5.8	5.8	5.8	5.8
1.4	1.4	1.4	1.4	1.4	1.4	1.4	1.4	1.4	1.4
4.8	4.8	4.8	4.8	4.8	4.8	4.8	4.8	4.8	4.8
2.1	2.1	2.1	2.1	2.1	2.1	2.1	2.1	2.1	2.1
0.6	0.6	0.6	0.6	0.6	0.6	0.6	0.6	0.6	0.6
2.5	2.5	2.5	2.5	2.5	2.5	2.5	2.5	2.5	2.5
2.7	2.7	2.7	2.7	2.7	2.7	2.7	2.7	2.7	2.7
2.2	2.2	2.2	2.2	2.2	2.2	2.2	2.2	2.2	2.2
4.4	4.4	4.4	4.4	4.4	4.4	4.4	4.4	4.4	4.4
3.4	3.4	3.4	3.4	3.4	3.4	3.4	3.4	3.4	3.4
3.7	3.7	3.7	3.7	3.7	3.7	3.7	3.7	3.7	3.7
1.9	1.9	1.9	1.9	1.9	1.9	1.9	1.9	1.9	1.9
3.8	3.8	3.8	3.8	3.8	3.8	3.8	3.8	3.8	3.8
4.6	4.6	4.6	4.6	4.6	4.6	4.6	4.6	4.6	4.6
1.8	1.8	1.8	1.8	1.8	1.8	1.8	1.8	1.8	1.8
1.7	1.7	1.7	1.7	1.7	1.7	1.7	1.7	1.7	1.7
1.7	1.7	1.7	1.7	1.7	1.7	1.7	1.7	1.7	1.7
2.4	2.4	2.4	2.4	2.4	2.4	2.4	2.4	2.4	2.4
3.4	3.4	3.4	3.4	3.4	3.4	3.4	3.4	3.4	3.4
0.9	0.9	0.9	0.9	0.9	0.9	0.9	0.9	0.9	0.9
0.9	0.9	0.9	0.9	0.9	0.9	0.9	0.9	0.9	0.9
1.7	1.7	1.7	1.7	1.7	1.7	1.7	1.7	1.7	1.7
1.0	1.0	1.0	1.0	1.0	1.0	1.0	1.0	1.0	1.0
0.1	0.1	0.1	0.1	0.1	0.1	0.1	0.1	0.1	0.1
4.7	4.7	4.7	4.7	4.7	4.7	4.7	4.7	4.7	4.7
2.7	2.7	2.7	2.7	2.7	2.7	2.7	2.7	2.7	2.7
0.1	0.1	0.1	0.1	0.1	0.1	0.1	0.1	0.1	0.1
1.2	1.2	1.2	1.2	1.2	1.2	1.2	1.2	1.2	1.2
1.0	1.0	1.0	1.0	1.0	1.0	1.0	1.0	1.0	1.0
5.8	5.8	5.8	5.8	5.8	5.8	5.8	5.8	5.8	5.8
3.4	3.4	3.4	3.4	3.4	3.4	3.4	3.4	3.4	3.4
0.3	0.3	0.3	0.3	0.3	0.3	0.3	0.3	0.3	0.3
3.8	3.8	3.8	3.8	3.8	3.8	3.8	3.8	3.8	3.8
2.0	2.0	2.0	2.0	2.0	2.0	2.0	2.0	2.0	2.0
4.8	4.8	4.8	4.8	4.8	4.8	4.8	4.8	4.8	4.8
0.4	0.4	0.4	0.4	0.4	0.4	0.4	0.4	0.4	0.4
2.3	2.3	2.3	2.3	2.3	2.3	2.3	2.3	2.3	2.3
0.1	0.1	0.1	0.1	0.1	0.1	0.1	0.1	0.1	0.1
1.1	1.1	1.1	1.1	1.1	1.1	1.1	1.1	1.1	1.1
2.6	2.6	2.6	2.6	2.6	2.6	2.6	2.6	2.6	2.6
2.2	2.2	2.2	2.2	2.2	2.2	2.2	2.2	2.2	2.2
2.0	2.0	2.0	2.0	2.0	2.0	2.0	2.0	2.0	2.0
0.5	0.5	0.5	0.5	0.5	0.5	0.5	0.5	0.5	0.5
3.7	3.7	3.7	3.7	3.7	3.7	3.7	3.7	3.7	3.7
3.5	3.5	3.5	3.5	3.5	3.5	3.5	3.5	3.5	3.5
2.1	2.1	2.1	2.1	2.1	2.1	2.1	2.1	2.1	2.1
3.2	3.2	3.2	3.2	3.2	3.2	3.2	3.2	3.2	3.2
0.7	0.7	0.7	0.7	0.7	0.7	0.7	0.7	0.7	0.7
1.4	1.4	1.4	1.4	1.4	1.4	1.4	1.4	1.4	1.4
4.2	4.2	4.2	4.2	4.2	4.2	4.2	4.2	4.2	4.2
1.0	1.0	1.0	1.0	1.0	1.0	1.0	1.0	1.0	1.0
5.0	5.0	5.0	5.0	5.0	5.0	5.0	5.0	5.0	5.0
2.6	2.6	2.6	2.6	2.6	2.6	2.6	2.6	2.6	2.6
1.7	1.7	1.7	1.7	1.7	1.7	1.7	1.7	1.7	1.7
4.1	4.1	4.1	4.1	4.1	4.1	4.1	4.1	4.1	4.1
2.1	2.1	2.1	2.1	2.1	2.1	2.1	2.1	2.1	2.1
2.1	2.1	2.1	2.1	2.1	2.1	2.1	2.1	2.1	2.1
2.3	2.3	2.3	2.3	2.3	2.3	2.3	2.3	2.3	2.3
1.4	1.4	1.4	1.4	1.4	1.4	1.4	1.4	1.4	1.4
1.2	1.2	1.2	1.2	1.2	1.2	1.2	1.2	1.2	1.2
2.6	2.6	2.6	2.6	2.6	2.6	2.6	2.6	2.6	2.6
0.3	0.3	0.3	0.3	0.3	0.3	0.3	0.3	0.3	0.3
]
