N_MACHINES:10	N_JOBS:150	CHARGING_TIME:60	INITIAL_CHARGE:10
D:[
39	39	39	39	39	39	39	39	39	39
18	18	18	18	18	18	18	18	18	18
34	34	34	34	34	34	34	34	34	34
32	32	32	32	32	32	32	32	32	32
13	13	13	13	13	13	13	13	13	13
17	17	17	17	17	17	17	17	17	17
12	12	12	12	12	12	12	12	12	12
41	41	41	41	41	41	41	41	41	41
58	58	58	58	58	58	58	58	58	58
34	34	34	34	34	34	34	34	34	34
14	14	14	14	14	14	14	14	14	14
57	57	57	57	57	57	57	57	57	57
32	32	32	32	32	32	32	32	32	32
40	40	40	40	40	40	40	40	40	40
35	35	35	35	35	35	35	35	35	35
1	1	1	1	1	1	1	1	1	1
41	41	41	41	41	41	41	41	41	41
2	2	2	2	2	2	2	2	2	2
27	27	27	27	27	27	27	27	27	27
36	36	36	36	36	36	36	36	36	36
29	29	29	29	29	29	29	29	29	29
24	24	24	24	24	24	24	24	24	24
15	15	15	15	15	15	15	15	15	15
4	4	4	4	4	4	4	4	4	4
47	47	47	47	47	47	47	47	47	47
45	45	45	45	45	45	45	45	45	45
27	27	27	27	27	27	27	27	27	27
16	16	16	16	16	16	16	16	16	16
64	64	64	64	64	64	64	64	64	64
25	25	25	25	25	25	25	25	25	25
41	41	41	41	41	41	41	41	41	41
20	20	20	20	20	20	20	20	20	20
22	22	22	22	22	22	22	22	22	22
20	20	20	20	20	20	20	20	20	20
25	25	25	25	25	25	25	25	25	25
40	40	40	40	40	40	40	40	40	40
41	41	41	41	41	41	41	41	41	41
33	33	33	33	33	33	33	33	33	33
11	11	11	11	11	11	11	11	11	11
16	16	16	16	16	16	16	16	16	16
20	20	20	20	20	20	20	20	20	20
13	13	13	13	13	13	13	13	13	13
30	30	30	30	30	30	30	30	30	30
44	44	44	44	44	44	44	44	44	44
25	25	25	25	25	25	25	25	25	25
24	24	24	24	24	24	24	24	24	24
8	8	8	8	8	8	8	8	8	8
50	50	50	50	50	50	50	50	50	50
16	16	16	16	16	16	16	16	16	16
24	24	24	24	24	24	24	24	24	24
35	35	35	35	35	35	35	35	35	35
4	4	4	4	4	4	4	4	4	4
3	3	3	3	3	3	3	3	3	3
33	33	33	33	33	33	33	33	33	33
32	32	32	32	32	32	32	32	32	32
40	40	40	40	40	40	40	40	40	40
68	68	68	68	68	68	68	68	68	68
77	77	77	77	77	77	77	77	77	77
13	13	13	13	13	13	13	13	13	13
26	26	26	26	26	26	26	26	26	26
13	13	13	13	13	13	13	13	13	13
26	26	26	26	26	26	26	26	26	26
15	15	15	15	15	15	15	15	15	15
15	15	15	15	15	15	15	15	15	15
12	12	12	12	12	12	12	12	12	12
30	30	30	30	30	30	30	30	30	30
4	4	4	4	4	4	4	4	4	4
2	2	2	2	2	2	2	2	2	2
25	25	25	25	25	25	25	25	25	25
12	12	12	12	12	12	12	12	12	12
61	61	61	61	61	61	61	61	61	61
9	9	9	9	9	9	9	9	9	9
15	15	15	15	15	15	15	15	15	15
30	30	30	30	30	30	30	30	30	30
59	59	59	59	59	59	59	59	59	59
34	34	34	34	34	34	34	34	34	34
52	52	52	52	52	52	52	52	52	52
29	29	29	29	29	29	29	29	29	29
2	2	2	2	2	2	2	2	2	2
40	40	40	40	40	40	40	40	40	40
0	0	0	0	0	0	0	0	0	0
20	20	20	20	20	20	20	20	20	20
0	0	0	0	0	0	0	0	0	0
32	32	32	32	32	32	32	32	32	32
46	46	46	46	46	46	46	46	46	46
6	6	6	6	6	6	6	6	6	6
22	22	22	22	22	22	22	22	22	22
12	12	12	12	12	12	12	12	12	12
0	0	0	0	0	0	0	0	0	0
29	29	29	29	29	29	29	29	29	29
18	18	18	18	18	18	18	18	18	18
16	16	16	16	16	16	16	16	16	16
38	38	38	38	38	38	38	38	38	38
20	20	20	20	20	20	20	20	20	20
49	49	49	49	49	49	49	49	49	49
63	63	63	63	63	63	63	63	63	63
38	38	38	38	38	38	38	38	38	38
21	21	21	21	21	21	21	21	21	21
33	33	33	33	33	33	33	33	33	33
30	30	30	30	30	30	30	30	30	30
17	17	17	17	17	17	17	17	17	17
21	21	21	21	21	21	21	21	21	21
14	14	14	14	14	14	14	14	14	14
4	4	4	4	4	4	4	4	4	4
44	44	44	44	44	44	44	44	44	44
7	7	7	7	7	7	7	7	7	7
28	28	28	28	28	28	28	28	28	28
29	29	29	29	29	29	29	29	29	29
24	24	24	24	24	24	24	24	24	24
40	40	40	40	40	40	40	40	40	40
30	30	30	30	30	30	30	30	30	30
10	10	10	10	10	10	10	10	10	10
53	53	53	53	53	53	53	53	53	53
10	10	10	10	10	10	10	10	10	10
45	45	45	45	45	45	45	45	45	45
25	25	25	25	25	25	25	25	25	25
50	50	50	50	50	50	50	50	50	50
43	43	43	43	43	43	43	43	43	43
4	4	4	4	4	4	4	4	4	4
33	33	33	33	33	33	33	33	33	33
46	46	46	46	46	46	46	46	46	46
8	8	8	8	8	8	8	8	8	8
10	10	10	10	10	10	10	10	10	10
22	22	22	22	22	22	22	22	22	22
17	17	17	17	17	17	17	17	17	17
4	4	4	4	4	4	4	4	4	4
19	19	19	19	19	19	19	19	19	19
40	40	40	40	40	40	40	40	40	40
19	19	19	19	19	19	19	19	19	19
2	2	2	2	2	2	2	2	2	2
41	41	41	41	41	41	41	41	41	41
37	37	37	37	37	37	37	37	37	37
2	2	2	2	2	2	2	2	2	2
0	0	0	0	0	0	0	0	0	0
22	22	22	22	22	22	22	22	22	22
16	16	16	16	16	16	16	16	16	16
21	21	21	21	21	21	21	21	21	21
28	28	28	28	28	28	28	28	28	28
40	40	40	40	40	40	40	40	40	40
31	31	31	31	31	31	31	31	31	31
49	49	49	49	49	49	49	49	49	49
12	12	12	12	12	12	12	12	12	12
17	17	17	17	17	17	17	17	17	17
29	29	29	29	29	29	29	29	29	29
7	7	7	7	7	7	7	7	7	7
27	27	27	27	27	27	27	27	27	27
12	12	12	12	12	12	12	12	12	12
28	28	28	28	28	28	28	28	28	28
49	49	49	49	49	49	49	49	49	49
19	19	19	19	19	19	19	19	19	19
]
w:[
4.8	4.8	4.8	4.8	4.8	4.8	4.8	4.8	4.8	4.8
3.9	3.9	3.9	3.9	3.9	3.9	3.9	3.9	3.9	3.9
9.4	9.4	9.4	9.4	9.4	9.4	9.4	9.4	9.4	9.4
2.5	2.5	2.5	2.5	2.5	2.5	2.5	2.5	2.5	2.5
5.2	5.2	5.2	5.2	5.2	5.2	5.2	5.2	5.2	5.2
6.4	6.4	6.4	6.4	6.4	6.4	6.4	6.4	6.4	6.4
2.1	2.1	2.1	2.1	2.1	2.1	2.1	2.1	2.1	2.1
1.0	1.0	1.0	1.0	1.0	1.0	1.0	1.0	1.0	1.0
6.9	6.9	6.9	6.9	6.9	6.9	6.9	6.9	6.9	6.9
4.1	4.1	4.1	4.1	4.1	4.1	4.1	4.1	4.1	4.1
5.9	5.9	5.9	5.9	5.9	5.9	5.9	5.9	5.9	5.9
7.3	7.3	7.3	7.3	7.3	7.3	7.3	7.3	7.3	7.3
6.5	6.5	6.5	6.5	6.5	6.5	6.5	6.5	6.5	6.5
4.3	4.3	4.3	4.3	4.3	4.3	4.3	4.3	4.3	4.3
5.5	5.5	5.5	5.5	5.5	5.5	5.5	5.5	5.5	5.5
5.9	5.9	5.9	5.9	5.9	5.9	5.9	5.9	5.9	5.9
8.6	8.6	8.6	8.6	8.6	8.6	8.6	8.6	8.6	8.6
5.7	5.7	5.7	5.7	5.7	5.7	5.7	5.7	5.7	5.7
2.0	2.0	2.0	2.0	2.0	2.0	2.0	2.0	2.0	2.0
7.0	7.0	7.0	7.0	7.0	7.0	7.0	7.0	7.0	7.0
7.1	7.1	7.1	7.1	7.1	7.1	7.1	7.1	7.1	7.1
5.3	5.3	5.3	5.3	5.3	5.3	5.3	5.3	5.3	5.3
1.1	1.1	1.1	1.1	1.1	1.1	1.1	1.1	1.1	1.1
5.7	5.7	5.7	5.7	5.7	5.7	5.7	5.7	5.7	5.7
2.4	2.4	2.4	2.4	2.4	2.4	2.4	2.4	2.4	2.4
1.9	1.9	1.9	1.9	1.9	1.9	1.9	1.9	1.9	1.9
1.5	1.5	1.5	1.5	1.5	1.5	1.5	1.5	1.5	1.5
5.8	5.8	5.8	5.8	5.8	5.8	5.8	5.8	5.8	5.8
6.5	6.5	6.5	6.5	6.5	6.5	6.5	6.5	6.5	6.5
2.4	2.4	2.4	2.4	2.4	2.4	2.4	2.4	2.4	2.4
2.3	2.3	2.3	2.3	2.3	2.3	2.3	2.3	2.3	2.3
6.5	6.5	6.5	6.5	6.5	6.5	6.5	6.5	6.5	6.5
7.8	7.8	7.8	7.8	7.8	7.8	7.8	7.8	7.8	7.8
0.1	0.1	0.1	0.1	0.1	0.1	0.1	0.1	0.1	0.1
5.4	5.4	5.4	5.4	5.4	5.4	5.4	5.4	5.4	5.4
5.0	5.0	5.0	5.0	5.0	5.0	5.0	5.0	5.0	5.0
2.1	2.1	2.1	2.1	2.1	2.1	2.1	2.1	2.1	2.1
2.2	2.2	2.2	2.2	2.2	2.2	2.2	2.2	2.2	2.2
5.5	5.5	5.5	5.5	5.5	5.5	5.5	5.5	5.5	5.5
5.2	5.2	5.2	5.2	5.2	5.2	5.2	5.2	5.2	5.2
5.0	5.0	5.0	5.0	5.0	5.0	5.0	5.0	5.0	5.0
0.3	0.3	0.3	0.3	0.3	0.3	0.3	0.3	0.3	0.3
6.7	6.7	6.7	6.7	6.7	6.7	6.7	6.7	6.7	6.7
4.9	4.9	4.9	4.9	4.9	4.9	4.9	4.9	4.9	4.9
7.7	7.7	7.7	7.7	7.7	7.7	7.7	7.7	7.7	7.7
0.6	0.6	0.6	0.6	0.6	0.6	0.6	0.6	0.6	0.6
8.4	8.4	8.4	8.4	8.4	8.4	8.4	8.4	8.4	8.4
4.9	4.9	4.9	4.9	4.9	4.9	4.9	4.9	4.9	4.9
9.2	9.2	9.2	9.2	9.2	9.2	9.2	9.2	9.2	9.2
8.1	8.1	8.1	8.1	8.1	8.1	8.1	8.1	8.1	8.1
9.5	9.5	9.5	9.5	9.5	9.5	9.5	9.5	9.5	9.5
2.1	2.1	2.1	2.1	2.1	2.1	2.1	2.1	2.1	2.1
3.0	3.0	3.0	3.0	3.0	3.0	3.0	3.0	3.0	3.0
5.3	5.3	5.3	5.3	5.3	5.3	5.3	5.3	5.3	5.3
5.0	5.0	5.0	5.0	5.0	5.0	5.0	5.0	5.0	5.0
4.5	4.5	4.5	4.5	4.5	4.5	4.5	4.5	4.5	4.5
0.3	0.3	0.3	0.3	0.3	0.3	0.3	0.3	0.3	0.3
5.4	5.4	5.4	5.4	5.4	5.4	5.4	5.4	5.4	5.4
5.0	5.0	5.0	5.0	5.0	5.0	5.0	5.0	5.0	5.0
1.7	1.7	1.7	1.7	1.7	1.7	1.7	1.7	1.7	1.7
5.0	5.0	5.0	5.0	5.0	5.0	5.0	5.0	5.0	5.0
9.7	9.7	9.7	9.7	9.7	9.7	9.7	9.7	9.7	9.7
2.4	2.4	2.4	2.4	2.4	2.4	2.4	2.4	2.4	2.4
4.1	4.1	4.1	4.1	4.1	4.1	4.1	4.1	4.1	4.1
0.5	0.5	0.5	0.5	0.5	0.5	0.5	0.5	0.5	0.5
9.4	9.4	9.4	9.4	9.4	9.4	9.4	9.4	9.4	9.4
8.8	8.8	8.8	8.8	8.8	8.8	8.8	8.8	8.8	8.8
0.5	0.5	0.5	0.5	0.5	0.5	0.5	0.5	0.5	0.5
5.0	5.0	5.0	5.0	5.0	5.0	5.0	5.0	5.0	5.0
8.8	8.8	8.8	8.8	8.8	8.8	8.8	8.8	8.8	8.8
3.7	3.7	3.7	3.7	3.7	3.7	3.7	3.7	3.7	3.7
6.7	6.7	6.7	6.7	6.7	6.7	6.7	6.7	6.7	6.7
2.4	2.4	2.4	2.4	2.4	2.4	2.4	2.4	2.4	2.4
1.7	1.7	1.7	1.7	1.7	1.7	1.7	1.7	1.7	1.7
4.3	4.3	4.3	4.3	4.3	4.3	4.3	4.3	4.3	4.3
7.9	7.9	7.9	7.9	7.9	7.9	7.9	7.9	7.9	7.9
6.5	6.5	6.5	6.5	6.5	6.5	6.5	6.5	6.5	6.5
3.6	3.6	3.6	3.6	3.6	3.6	3.6	3.6	3.6	3.6
1.6	1.6	1.6	1.6	1.6	1.6	1.6	1.6	1.6	1.6
0.4	0.4	0.4	0.4	0.4	0.4	0.4	0.4	0.4	0.4
6.5	6.5	6.5	6.5	6.5	6.5	6.5	6.5	6.5	6.5
4.2	4.2	4.2	4.2	4.2	4.2	4.2	4.2	4.2	4.2
6.9	6.9	6.9	6.9	6.9	6.9	6.9	6.9	6.9	6.9
5.7	5.7	5.7	5.7	5.7	5.7	5.7	5.7	5.7	5.7
4.7	4.7	4.7	4.7	4.7	4.7	4.7	4.7	4.7	4.7
4.2	4.2	4.2	4.2	4.2	4.2	4.2	4.2	4.2	4.2
5.1	5.1	5.1	5.1	5.1	5.1	5.1	5.1	5.1	5.1
3.5	3.5	3.5	3.5	3.5	3.5	3.5	3.5	3.5	3.5
2.2	2.2	2.2	2.2	2.2	2.2	2.2	2.2	2.2	2.2
7.5	7.5	7.5	7.5	7.5	7.5	7.5	7.5	7.5	7.5
2.4	2.4	2.4	2.4	2.4	2.4	2.4	2.4	2.4	2.4
4.0	4.0	4.0	4.0	4.0	4.0	4.0	4.0	4.0	4.0
8.9	8.9	8.9	8.9	8.9	8.9	8.9	8.9	8.9	8.9
8.9	8.9	8.9	8.9	8.9	8.9	8.9	8.9	8.9	8.9
4.0	4.0	4.0	4.0	4.0	4.0	4.0	4.0	4.0	4.0
8.6	8.6	8.6	8.6	8.6	8.6	8.6	8.6	8.6	8.6
9.9	9.9	9.9	9.9	9.9	9.9	9.9	9.9	9.9	9.9
2.6	2.6	2.6	2.6	2.6	2.6	2.6	2.6	2.6	2.6
3.1	3.1	3.1	3.1	3.1	3.1	3.1	3.1	3.1	3.1
5.9	5.9	5.9	5.9	5.9	5.9	5.9	5.9	5.9	5.9
6.5	6.5	6.5	6.5	6.5	6.5	6.5	6.5	6.5	6.5
6.5	6.5	6.5	6.5	6.5	6.5	6.5	6.5	6.5	6.5
6.1	6.1	6.1	6.1	6.1	6.1	6.1	6.1	6.1	6.1
3.8	3.8	3.8	3.8	3.8	3.8	3.8	3.8	3.8	3.8
3.3	3.3	3.3	3.3	3.3	3.3	3.3	3.3	3.3	3.3
7.0	7.0	7.0	7.0	7.0	7.0	7.0	7.0	7.0	7.0
7.5	7.5	7.5	7.5	7.5	7.5	7.5	7.5	7.5	7.5
4.5	4.5	4.5	4.5	4.5	4.5	4.5	4.5	4.5	4.5
3.3	3.3	3.3	3.3	3.3	3.3	3.3	3.3	3.3	3.3
4.8	4.8	4.8	4.8	4.8	4.8	4.8	4.8	4.8	4.8
8.5	8.5	8.5	8.5	8.5	8.5	8.5	8.5	8.5	8.5
3.7	3.7	3.7	3.7	3.7	3.7	3.7	3.7	3.7	3.7
0.1	0.1	0.1	0.1	0.1	0.1	0.1	0.1	0.1	0.1
4.3	4.3	4.3	4.3	4.3	4.3	4.3	4.3	4.3	4.3
1.2	1.2	1.2	1.2	1.2	1.2	1.2	1.2	1.2	1.2
9.7	9.7	9.7	9.7	9.7	9.7	9.7	9.7	9.7	9.7
4.2	4.2	4.2	4.2	4.2	4.2	4.2	4.2	4.2	4.2
4.5	4.5	4.5	4.5	4.5	4.5	4.5	4.5	4.5	4.5
9.6	9.6	9.6	9.6	9.6	9.6	9.6	9.6	9.6	9.6
7.1	7.1	7.1	7.1	7.1	7.1	7.1	7.1	7.1	7.1
6.7	6.7	6.7	6.7	6.7	6.7	6.7	6.7	6.7	6.7
2.2	2.2	2.2	2.2	2.2	2.2	2.2	2.2	2.2	2.2
0.6	0.6	0.6	0.6	0.6	0.6	0.6	0.6	0.6	0.6
9.0	9.0	9.0	9.0	9.0	9.0	9.0	9.0	9.0	9.0
3.9	3.9	3.9	3.9	3.9	3.9	3.9	3.9	3.9	3.9
6.4	6.4	6.4	6.4	6.4	6.4	6.4	6.4	6.4	6.4
6.4	6.4	6.4	6.4	6.4	6.4	6.4	6.4	6.4	6.4
2.4	2.4	2.4	2.4	2.4	2.4	2.4	2.4	2.4	2.4
6.1	6.1	6.1	6.1	6.1	6.1	6.1	6.1	6.1	6.1
3.1	3.1	3.1	3.1	3.1	3.1	3.1	3.1	3.1	3.1
3.9	3.9	3.9	3.9	3.9	3.9	3.9	3.9	3.9	3.9
6.1	6.1	6.1	6.1	6.1	6.1	6.1	6.1	6.1	6.1
2.9	2.9	2.9	2.9	2.9	2.9	2.9	2.9	2.9	2.9
9.4	9.4	9.4	9.4	9.4	9.4	9.4	9.4	9.4	9.4
1.4	1.4	1.4	1.4	1.4	1.4	1.4	1.4	1.4	1.4
4.0	4.0	4.0	4.0	4.0	4.0	4.0	4.0	4.0	4.0
3.5	3.5	3.5	3.5	3.5	3.5	3.5	3.5	3.5	3.5
6.4	6.4	6.4	6.4	6.4	6.4	6.4	6.4	6.4	6.4
3.2	3.2	3.2	3.2	3.2	3.2	3.2	3.2	3.2	3.2
7.2	7.2	7.2	7.2	7.2	7.2	7.2	7.2	7.2	7.2
9.7	9.7	9.7	9.7	9.7	9.7	9.7	9.7	9.7	9.7
2.9	2.9	2.9	2.9	2.9	2.9	2.9	2.9	2.9	2.9
3.7	3.7	3.7	3.7	3.7	3.7	3.7	3.7	3.7	3.7
8.7	8.7	8.7	8.7	8.7	8.7	8.7	8.7	8.7	8.7
3.1	3.1	3.1	3.1	3.1	3.1	3.1	3.1	3.1	3.1
8.1	8.1	8.1	8.1	8.1	8.1	8.1	8.1	8.1	8.1
7.4	7.4	7.4	7.4	7.4	7.4	7.4	7.4	7.4	7.4
3.2	3.2	3.2	3.2	3.2	3.2	3.2	3.2	3.2	3.2
4.1	4.1	4.1	4.1	4.1	4.1	4.1	4.1	4.1	4.1
2.7	2.7	2.7	2.7	2.7	2.7	2.7	2.7	2.7	2.7
]
