N_MACHINES:10	N_JOBS:200	CHARGING_TIME:60	INITIAL_CHARGE:10
D:[
0	0	0	0	0	0	0	0	0	0
9	9	9	9	9	9	9	9	9	9
16	16	16	16	16	16	16	16	16	16
3	3	3	3	3	3	3	3	3	3
14	14	14	14	14	14	14	14	14	14
9	9	9	9	9	9	9	9	9	9
3	3	3	3	3	3	3	3	3	3
9	9	9	9	9	9	9	9	9	9
12	12	12	12	12	12	12	12	12	12
8	8	8	8	8	8	8	8	8	8
11	11	11	11	11	11	11	11	11	11
18	18	18	18	18	18	18	18	18	18
23	23	23	23	23	23	23	23	23	23
32	32	32	32	32	32	32	32	32	32
2	2	2	2	2	2	2	2	2	2
22	22	22	22	22	22	22	22	22	22
2	2	2	2	2	2	2	2	2	2
3	3	3	3	3	3	3	3	3	3
3	3	3	3	3	3	3	3	3	3
12	12	12	12	12	12	12	12	12	12
17	17	17	17	17	17	17	17	17	17
7	7	7	7	7	7	7	7	7	7
10	10	10	10	10	10	10	10	10	10
15	15	15	15	15	15	15	15	15	15
24	24	24	24	24	24	24	24	24	24
2	2	2	2	2	2	2	2	2	2
6	6	6	6	6	6	6	6	6	6
15	15	15	15	15	15	15	15	15	15
6	6	6	6	6	6	6	6	6	6
19	19	19	19	19	19	19	19	19	19
12	12	12	12	12	12	12	12	12	12
16	16	16	16	16	16	16	16	16	16
2	2	2	2	2	2	2	2	2	2
25	25	25	25	25	25	25	25	25	25
27	27	27	27	27	27	27	27	27	27
21	21	21	21	21	21	21	21	21	21
5	5	5	5	5	5	5	5	5	5
24	24	24	24	24	24	24	24	24	24
13	13	13	13	13	13	13	13	13	13
13	13	13	13	13	13	13	13	13	13
11	11	11	11	11	11	11	11	11	11
4	4	4	4	4	4	4	4	4	4
19	19	19	19	19	19	19	19	19	19
16	16	16	16	16	16	16	16	16	16
12	12	12	12	12	12	12	12	12	12
14	14	14	14	14	14	14	14	14	14
12	12	12	12	12	12	12	12	12	12
33	33	33	33	33	33	33	33	33	33
9	9	9	9	9	9	9	9	9	9
8	8	8	8	8	8	8	8	8	8
28	28	28	28	28	28	28	28	28	28
1	1	1	1	1	1	1	1	1	1
12	12	12	12	12	12	12	12	12	12
16	16	16	16	16	16	16	16	16	16
24	24	24	24	24	24	24	24	24	24
13	13	13	13	13	13	13	13	13	13
19	19	19	19	19	19	19	19	19	19
12	12	12	12	12	12	12	12	12	12
2	2	2	2	2	2	2	2	2	2
18	18	18	18	18	18	18	18	18	18
3	3	3	3	3	3	3	3	3	3
21	21	21	21	21	21	21	21	21	21
21	21	21	21	21	21	21	21	21	21
7	7	7	7	7	7	7	7	7	7
9	9	9	9	9	9	9	9	9	9
2	2	2	2	2	2	2	2	2	2
3	3	3	3	3	3	3	3	3	3
4	4	4	4	4	4	4	4	4	4
10	10	10	10	10	10	10	10	10	10
20	20	20	20	20	20	20	20	20	20
15	15	15	15	15	15	15	15	15	15
15	15	15	15	15	15	15	15	15	15
23	23	23	23	23	23	23	23	23	23
11	11	11	11	11	11	11	11	11	11
2	2	2	2	2	2	2	2	2	2
5	5	5	5	5	5	5	5	5	5
21	21	21	21	21	21	21	21	21	21
3	3	3	3	3	3	3	3	3	3
10	10	10	10	10	10	10	10	10	10
3	3	3	3	3	3	3	3	3	3
18	18	18	18	18	18	18	18	18	18
2	2	2	2	2	2	2	2	2	2
5	5	5	5	5	5	5	5	5	5
16	16	16	16	16	16	16	16	16	16
3	3	3	3	3	3	3	3	3	3
22	22	22	22	22	22	22	22	22	22
4	4	4	4	4	4	4	4	4	4
15	15	15	15	15	15	15	15	15	15
3	3	3	3	3	3	3	3	3	3
10	10	10	10	10	10	10	10	10	10
7	7	7	7	7	7	7	7	7	7
9	9	9	9	9	9	9	9	9	9
25	25	25	25	25	25	25	25	25	25
16	16	16	16	16	16	16	16	16	16
13	13	13	13	13	13	13	13	13	13
21	21	21	21	21	21	21	21	21	21
8	8	8	8	8	8	8	8	8	8
1	1	1	1	1	1	1	1	1	1
15	15	15	15	15	15	15	15	15	15
29	29	29	29	29	29	29	29	29	29
4	4	4	4	4	4	4	4	4	4
17	17	17	17	17	17	17	17	17	17
1	1	1	1	1	1	1	1	1	1
1	1	1	1	1	1	1	1	1	1
15	15	15	15	15	15	15	15	15	15
3	3	3	3	3	3	3	3	3	3
23	23	23	23	23	23	23	23	23	23
24	24	24	24	24	24	24	24	24	24
10	10	10	10	10	10	10	10	10	10
14	14	14	14	14	14	14	14	14	14
19	19	19	19	19	19	19	19	19	19
21	21	21	21	21	21	21	21	21	21
11	11	11	11	11	11	11	11	11	11
0	0	0	0	0	0	0	0	0	0
5	5	5	5	5	5	5	5	5	5
3	3	3	3	3	3	3	3	3	3
3	3	3	3	3	3	3	3	3	3
28	28	28	28	28	28	28	28	28	28
25	25	25	25	25	25	25	25	25	25
0	0	0	0	0	0	0	0	0	0
16	16	16	16	16	16	16	16	16	16
8	8	8	8	8	8	8	8	8	8
13	13	13	13	13	13	13	13	13	13
15	15	15	15	15	15	15	15	15	15
14	14	14	14	14	14	14	14	14	14
10	10	10	10	10	10	10	10	10	10
4	4	4	4	4	4	4	4	4	4
10	10	10	10	10	10	10	10	10	10
17	17	17	17	17	17	17	17	17	17
7	7	7	7	7	7	7	7	7	7
1	1	1	1	1	1	1	1	1	1
18	18	18	18	18	18	18	18	18	18
8	8	8	8	8	8	8	8	8	8
34	34	34	34	34	34	34	34	34	34
22	22	22	22	22	22	22	22	22	22
17	17	17	17	17	17	17	17	17	17
9	9	9	9	9	9	9	9	9	9
11	11	11	11	11	11	11	11	11	11
17	17	17	17	17	17	17	17	17	17
10	10	10	10	10	10	10	10	10	10
14	14	14	14	14	14	14	14	14	14
17	17	17	17	17	17	17	17	17	17
6	6	6	6	6	6	6	6	6	6
8	8	8	8	8	8	8	8	8	8
9	9	9	9	9	9	9	9	9	9
33	33	33	33	33	33	33	33	33	33
12	12	12	12	12	12	12	12	12	12
8	8	8	8	8	8	8	8	8	8
12	12	12	12	12	12	12	12	12	12
12	12	12	12	12	12	12	12	12	12
26	26	26	26	26	26	26	26	26	26
2	2	2	2	2	2	2	2	2	2
6	6	6	6	6	6	6	6	6	6
0	0	0	0	0	0	0	0	0	0
15	15	15	15	15	15	15	15	15	15
8	8	8	8	8	8	8	8	8	8
16	16	16	16	16	16	16	16	16	16
6	6	6	6	6	6	6	6	6	6
14	14	14	14	14	14	14	14	14	14
1	1	1	1	1	1	1	1	1	1
17	17	17	17	17	17	17	17	17	17
3	3	3	3	3	3	3	3	3	3
4	4	4	4	4	4	4	4	4	4
7	7	7	7	7	7	7	7	7	7
10	10	10	10	10	10	10	10	10	10
9	9	9	9	9	9	9	9	9	9
7	7	7	7	7	7	7	7	7	7
7	7	7	7	7	7	7	7	7	7
10	10	10	10	10	10	10	10	10	10
15	15	15	15	15	15	15	15	15	15
30	30	30	30	30	30	30	30	30	30
26	26	26	26	26	26	26	26	26	26
6	6	6	6	6	6	6	6	6	6
8	8	8	8	8	8	8	8	8	8
22	22	22	22	22	22	22	22	22	22
6	6	6	6	6	6	6	6	6	6
8	8	8	8	8	8	8	8	8	8
8	8	8	8	8	8	8	8	8	8
11	11	11	11	11	11	11	11	11	11
20	20	20	20	20	20	20	20	20	20
5	5	5	5	5	5	5	5	5	5
8	8	8	8	8	8	8	8	8	8
23	23	23	23	23	23	23	23	23	23
20	20	20	20	20	20	20	20	20	20
24	24	24	24	24	24	24	24	24	24
15	15	15	15	15	15	15	15	15	15
5	5	5	5	5	5	5	5	5	5
22	22	22	22	22	22	22	22	22	22
10	10	10	10	10	10	10	10	10	10
10	10	10	10	10	10	10	10	10	10
17	17	17	17	17	17	17	17	17	17
8	8	8	8	8	8	8	8	8	8
15	15	15	15	15	15	15	15	15	15
11	11	11	11	11	11	11	11	11	11
19	19	19	19	19	19	19	19	19	19
12	12	12	12	12	12	12	12	12	12
13	13	13	13	13	13	13	13	13	13
14	14	14	14	14	14	14	14	14	14
3	3	3	3	3	3	3	3	3	3
11	11	11	11	11	11	11	11	11	11
]
w:[
1.4	1.4	1.4	1.4	1.4	1.4	1.4	1.4	1.4	1.4
0.6	0.6	0.6	0.6	0.6	0.6	0.6	0.6	0.6	0.6
1.1	1.1	1.1	1.1	1.1	1.1	1.1	1.1	1.1	1.1
1.0	1.0	1.0	1.0	1.0	1.0	1.0	1.0	1.0	1.0
0.9	0.9	0.9	0.9	0.9	0.9	0.9	0.9	0.9	0.9
0.5	0.5	0.5	0.5	0.5	0.5	0.5	0.5	0.5	0.5
0.5	0.5	0.5	0.5	0.5	0.5	0.5	0.5	0.5	0.5
1.7	1.7	1.7	1.7	1.7	1.7	1.7	1.7	1.7	1.7
2.0	2.0	2.0	2.0	2.0	2.0	2.0	2.0	2.0	2.0
0.4	0.4	0.4	0.4	0.4	0.4	0.4	0.4	0.4	0.4
1.3	1.3	1.3	1.3	1.3	1.3	1.3	1.3	1.3	1.3
2.0	2.0	2.0	2.0	2.0	2.0	2.0	2.0	2.0	2.0
0.7	0.7	0.7	0.7	0.7	0.7	0.7	0.7	0.7	0.7
1.2	1.2	1.2	1.2	1.2	1.2	1.2	1.2	1.2	1.2
0.7	0.7	0.7	0.7	0.7	0.7	0.7	0.7	0.7	0.7
1.0	1.0	1.0	1.0	1.0	1.0	1.0	1.0	1.0	1.0
0.2	0.2	0.2	0.2	0.2	0.2	0.2	0.2	0.2	0.2
1.1	1.1	1.1	1.1	1.1	1.1	1.1	1.1	1.1	1.1
1.8	1.8	1.8	1.8	1.8	1.8	1.8	1.8	1.8	1.8
0.7	0.7	0.7	0.7	0.7	0.7	0.7	0.7	0.7	0.7
1.4	1.4	1.4	1.4	1.4	1.4	1.4	1.4	1.4	1.4
2.6	2.6	2.6	2.6	2.6	2.6	2.6	2.6	2.6	2.6
0.8	0.8	0.8	0.8	0.8	0.8	0.8	0.8	0.8	0.8
1.2	1.2	1.2	1.2	1.2	1.2	1.2	1.2	1.2	1.2
1.5	1.5	1.5	1.5	1.5	1.5	1.5	1.5	1.5	1.5
1.0	1.0	1.0	1.0	1.0	1.0	1.0	1.0	1.0	1.0
0.5	0.5	0.5	0.5	0.5	0.5	0.5	0.5	0.5	0.5
0.4	0.4	0.4	0.4	0.4	0.4	0.4	0.4	0.4	0.4
0.9	0.9	0.9	0.9	0.9	0.9	0.9	0.9	0.9	0.9
0.3	0.3	0.3	0.3	0.3	0.3	0.3	0.3	0.3	0.3
1.8	1.8	1.8	1.8	1.8	1.8	1.8	1.8	1.8	1.8
1.3	1.3	1.3	1.3	1.3	1.3	1.3	1.3	1.3	1.3
1.0	1.0	1.0	1.0	1.0	1.0	1.0	1.0	1.0	1.0
2.4	2.4	2.4	2.4	2.4	2.4	2.4	2.4	2.4	2.4
1.3	1.3	1.3	1.3	1.3	1.3	1.3	1.3	1.3	1.3
2.1	2.1	2.1	2.1	2.1	2.1	2.1	2.1	2.1	2.1
1.3	1.3	1.3	1.3	1.3	1.3	1.3	1.3	1.3	1.3
1.0	1.0	1.0	1.0	1.0	1.0	1.0	1.0	1.0	1.0
1.7	1.7	1.7	1.7	1.7	1.7	1.7	1.7	1.7	1.7
1.9	1.9	1.9	1.9	1.9	1.9	1.9	1.9	1.9	1.9
2.9	2.9	2.9	2.9	2.9	2.9	2.9	2.9	2.9	2.9
2.1	2.1	2.1	2.1	2.1	2.1	2.1	2.1	2.1	2.1
0.4	0.4	0.4	0.4	0.4	0.4	0.4	0.4	0.4	0.4
0.3	0.3	0.3	0.3	0.3	0.3	0.3	0.3	0.3	0.3
1.3	1.3	1.3	1.3	1.3	1.3	1.3	1.3	1.3	1.3
2.4	2.4	2.4	2.4	2.4	2.4	2.4	2.4	2.4	2.4
2.9	2.9	2.9	2.9	2.9	2.9	2.9	2.9	2.9	2.9
2.0	2.0	2.0	2.0	2.0	2.0	2.0	2.0	2.0	2.0
0.4	0.4	0.4	0.4	0.4	0.4	0.4	0.4	0.4	0.4
0.9	0.9	0.9	0.9	0.9	0.9	0.9	0.9	0.9	0.9
1.7	1.7	1.7	1.7	1.7	1.7	1.7	1.7	1.7	1.7
0.8	0.8	0.8	0.8	0.8	0.8	0.8	0.8	0.8	0.8
2.1	2.1	2.1	2.1	2.1	2.1	2.1	2.1	2.1	2.1
2.1	2.1	2.1	2.1	2.1	2.1	2.1	2.1	2.1	2.1
0.7	0.7	0.7	0.7	0.7	0.7	0.7	0.7	0.7	0.7
2.7	2.7	2.7	2.7	2.7	2.7	2.7	2.7	2.7	2.7
2.1	2.1	2.1	2.1	2.1	2.1	2.1	2.1	2.1	2.1
2.1	2.1	2.1	2.1	2.1	2.1	2.1	2.1	2.1	2.1
3.1	3.1	3.1	3.1	3.1	3.1	3.1	3.1	3.1	3.1
1.5	1.5	1.5	1.5	1.5	1.5	1.5	1.5	1.5	1.5
1.6	1.6	1.6	1.6	1.6	1.6	1.6	1.6	1.6	1.6
0.4	0.4	0.4	0.4	0.4	0.4	0.4	0.4	0.4	0.4
0.9	0.9	0.9	0.9	0.9	0.9	0.9	0.9	0.9	0.9
1.3	1.3	1.3	1.3	1.3	1.3	1.3	1.3	1.3	1.3
2.5	2.5	2.5	2.5	2.5	2.5	2.5	2.5	2.5	2.5
0.9	0.9	0.9	0.9	0.9	0.9	0.9	0.9	0.9	0.9
1.6	1.6	1.6	1.6	1.6	1.6	1.6	1.6	1.6	1.6
0.9	0.9	0.9	0.9	0.9	0.9	0.9	0.9	0.9	0.9
3.0	3.0	3.0	3.0	3.0	3.0	3.0	3.0	3.0	3.0
1.3	1.3	1.3	1.3	1.3	1.3	1.3	1.3	1.3	1.3
1.0	1.0	1.0	1.0	1.0	1.0	1.0	1.0	1.0	1.0
1.5	1.5	1.5	1.5	1.5	1.5	1.5	1.5	1.5	1.5
0.7	0.7	0.7	0.7	0.7	0.7	0.7	0.7	0.7	0.7
1.5	1.5	1.5	1.5	1.5	1.5	1.5	1.5	1.5	1.5
1.6	1.6	1.6	1.6	1.6	1.6	1.6	1.6	1.6	1.6
0.8	0.8	0.8	0.8	0.8	0.8	0.8	0.8	0.8	0.8
1.3	1.3	1.3	1.3	1.3	1.3	1.3	1.3	1.3	1.3
0.7	0.7	0.7	0.7	0.7	0.7	0.7	0.7	0.7	0.7
1.0	1.0	1.0	1.0	1.0	1.0	1.0	1.0	1.0	1.0
0.1	0.1	0.1	0.1	0.1	0.1	0.1	0.1	0.1	0.1
1.6	1.6	1.6	1.6	1.6	1.6	1.6	1.6	1.6	1.6
1.0	1.0	1.0	1.0	1.0	1.0	1.0	1.0	1.0	1.0
4.1	4.1	4.1	4.1	4.1	4.1	4.1	4.1	4.1	4.1
1.6	1.6	1.6	1.6	1.6	1.6	1.6	1.6	1.6	1.6
2.0	2.0	2.0	2.0	2.0	2.0	2.0	2.0	2.0	2.0
0.3	0.3	0.3	0.3	0.3	0.3	0.3	0.3	0.3	0.3
0.6	0.6	0.6	0.6	0.6	0.6	0.6	0.6	0.6	0.6
2.0	2.0	2.0	2.0	2.0	2.0	2.0	2.0	2.0	2.0
0.9	0.9	0.9	0.9	0.9	0.9	0.9	0.9	0.9	0.9
2.2	2.2	2.2	2.2	2.2	2.2	2.2	2.2	2.2	2.2
0.6	0.6	0.6	0.6	0.6	0.6	0.6	0.6	0.6	0.6
1.7	1.7	1.7	1.7	1.7	1.7	1.7	1.7	1.7	1.7
0.8	0.8	0.8	0.8	0.8	0.8	0.8	0.8	0.8	0.8
0.8	0.8	0.8	0.8	0.8	0.8	0.8	0.8	0.8	0.8
4.1	4.1	4.1	4.1	4.1	4.1	4.1	4.1	4.1	4.1
0.6	0.6	0.6	0.6	0.6	0.6	0.6	0.6	0.6	0.6
0.7	0.7	0.7	0.7	0.7	0.7	0.7	0.7	0.7	0.7
1.0	1.0	1.0	1.0	1.0	1.0	1.0	1.0	1.0	1.0
3.7	3.7	3.7	3.7	3.7	3.7	3.7	3.7	3.7	3.7
1.9	1.9	1.9	1.9	1.9	1.9	1.9	1.9	1.9	1.9
0.7	0.7	0.7	0.7	0.7	0.7	0.7	0.7	0.7	0.7
0.2	0.2	0.2	0.2	0.2	0.2	0.2	0.2	0.2	0.2
1.2	1.2	1.2	1.2	1.2	1.2	1.2	1.2	1.2	1.2
1.9	1.9	1.9	1.9	1.9	1.9	1.9	1.9	1.9	1.9
0.5	0.5	0.5	0.5	0.5	0.5	0.5	0.5	0.5	0.5
3.0	3.0	3.0	3.0	3.0	3.0	3.0	3.0	3.0	3.0
0.9	0.9	0.9	0.9	0.9	0.9	0.9	0.9	0.9	0.9
1.2	1.2	1.2	1.2	1.2	1.2	1.2	1.2	1.2	1.2
2.0	2.0	2.0	2.0	2.0	2.0	2.0	2.0	2.0	2.0
0.4	0.4	0.4	0.4	0.4	0.4	0.4	0.4	0.4	0.4
1.0	1.0	1.0	1.0	1.0	1.0	1.0	1.0	1.0	1.0
2.6	2.6	2.6	2.6	2.6	2.6	2.6	2.6	2.6	2.6
1.4	1.4	1.4	1.4	1.4	1.4	1.4	1.4	1.4	1.4
0.3	0.3	0.3	0.3	0.3	0.3	0.3	0.3	0.3	0.3
0.6	0.6	0.6	0.6	0.6	0.6	0.6	0.6	0.6	0.6
2.7	2.7	2.7	2.7	2.7	2.7	2.7	2.7	2.7	2.7
3.0	3.0	3.0	3.0	3.0	3.0	3.0	3.0	3.0	3.0
0.7	0.7	0.7	0.7	0.7	0.7	0.7	0.7	0.7	0.7
0.1	0.1	0.1	0.1	0.1	0.1	0.1	0.1	0.1	0.1
2.5	2.5	2.5	2.5	2.5	2.5	2.5	2.5	2.5	2.5
0.4	0.4	0.4	0.4	0.4	0.4	0.4	0.4	0.4	0.4
0.5	0.5	0.5	0.5	0.5	0.5	0.5	0.5	0.5	0.5
1.2	1.2	1.2	1.2	1.2	1.2	1.2	1.2	1.2	1.2
0.7	0.7	0.7	0.7	0.7	0.7	0.7	0.7	0.7	0.7
1.3	1.3	1.3	1.3	1.3	1.3	1.3	1.3	1.3	1.3
0.9	0.9	0.9	0.9	0.9	0.9	0.9	0.9	0.9	0.9
1.9	1.9	1.9	1.9	1.9	1.9	1.9	1.9	1.9	1.9
0.8	0.8	0.8	0.8	0.8	0.8	0.8	0.8	0.8	0.8
2.1	2.1	2.1	2.1	2.1	2.1	2.1	2.1	2.1	2.1
2.1	2.1	2.1	2.1	2.1	2.1	2.1	2.1	2.1	2.1
2.9	2.9	2.9	2.9	2.9	2.9	2.9	2.9	2.9	2.9
0.5	0.5	0.5	0.5	0.5	0.5	0.5	0.5	0.5	0.5
1.4	1.4	1.4	1.4	1.4	1.4	1.4	1.4	1.4	1.4
2.2	2.2	2.2	2.2	2.2	2.2	2.2	2.2	2.2	2.2
2.0	2.0	2.0	2.0	2.0	2.0	2.0	2.0	2.0	2.0
0.6	0.6	0.6	0.6	0.6	0.6	0.6	0.6	0.6	0.6
1.5	1.5	1.5	1.5	1.5	1.5	1.5	1.5	1.5	1.5
0.3	0.3	0.3	0.3	0.3	0.3	0.3	0.3	0.3	0.3
1.9	1.9	1.9	1.9	1.9	1.9	1.9	1.9	1.9	1.9
0.1	0.1	0.1	0.1	0.1	0.1	0.1	0.1	0.1	0.1
2.0	2.0	2.0	2.0	2.0	2.0	2.0	2.0	2.0	2.0
0.8	0.8	0.8	0.8	0.8	0.8	0.8	0.8	0.8	0.8
1.7	1.7	1.7	1.7	1.7	1.7	1.7	1.7	1.7	1.7
1.9	1.9	1.9	1.9	1.9	1.9	1.9	1.9	1.9	1.9
1.1	1.1	1.1	1.1	1.1	1.1	1.1	1.1	1.1	1.1
0.4	0.4	0.4	0.4	0.4	0.4	0.4	0.4	0.4	0.4
0.8	0.8	0.8	0.8	0.8	0.8	0.8	0.8	0.8	0.8
0.3	0.3	0.3	0.3	0.3	0.3	0.3	0.3	0.3	0.3
3.4	3.4	3.4	3.4	3.4	3.4	3.4	3.4	3.4	3.4
0.4	0.4	0.4	0.4	0.4	0.4	0.4	0.4	0.4	0.4
0.5	0.5	0.5	0.5	0.5	0.5	0.5	0.5	0.5	0.5
1.2	1.2	1.2	1.2	1.2	1.2	1.2	1.2	1.2	1.2
0.7	0.7	0.7	0.7	0.7	0.7	0.7	0.7	0.7	0.7
2.6	2.6	2.6	2.6	2.6	2.6	2.6	2.6	2.6	2.6
0.7	0.7	0.7	0.7	0.7	0.7	0.7	0.7	0.7	0.7
0.7	0.7	0.7	0.7	0.7	0.7	0.7	0.7	0.7	0.7
1.9	1.9	1.9	1.9	1.9	1.9	1.9	1.9	1.9	1.9
0.4	0.4	0.4	0.4	0.4	0.4	0.4	0.4	0.4	0.4
3.4	3.4	3.4	3.4	3.4	3.4	3.4	3.4	3.4	3.4
1.9	1.9	1.9	1.9	1.9	1.9	1.9	1.9	1.9	1.9
0.6	0.6	0.6	0.6	0.6	0.6	0.6	0.6	0.6	0.6
2.7	2.7	2.7	2.7	2.7	2.7	2.7	2.7	2.7	2.7
2.5	2.5	2.5	2.5	2.5	2.5	2.5	2.5	2.5	2.5
1.8	1.8	1.8	1.8	1.8	1.8	1.8	1.8	1.8	1.8
2.1	2.1	2.1	2.1	2.1	2.1	2.1	2.1	2.1	2.1
2.6	2.6	2.6	2.6	2.6	2.6	2.6	2.6	2.6	2.6
0.5	0.5	0.5	0.5	0.5	0.5	0.5	0.5	0.5	0.5
1.5	1.5	1.5	1.5	1.5	1.5	1.5	1.5	1.5	1.5
1.4	1.4	1.4	1.4	1.4	1.4	1.4	1.4	1.4	1.4
2.2	2.2	2.2	2.2	2.2	2.2	2.2	2.2	2.2	2.2
0.5	0.5	0.5	0.5	0.5	0.5	0.5	0.5	0.5	0.5
0.6	0.6	0.6	0.6	0.6	0.6	0.6	0.6	0.6	0.6
1.6	1.6	1.6	1.6	1.6	1.6	1.6	1.6	1.6	1.6
2.7	2.7	2.7	2.7	2.7	2.7	2.7	2.7	2.7	2.7
0.6	0.6	0.6	0.6	0.6	0.6	0.6	0.6	0.6	0.6
1.8	1.8	1.8	1.8	1.8	1.8	1.8	1.8	1.8	1.8
2.6	2.6	2.6	2.6	2.6	2.6	2.6	2.6	2.6	2.6
2.5	2.5	2.5	2.5	2.5	2.5	2.5	2.5	2.5	2.5
2.0	2.0	2.0	2.0	2.0	2.0	2.0	2.0	2.0	2.0
1.4	1.4	1.4	1.4	1.4	1.4	1.4	1.4	1.4	1.4
0.9	0.9	0.9	0.9	0.9	0.9	0.9	0.9	0.9	0.9
2.2	2.2	2.2	2.2	2.2	2.2	2.2	2.2	2.2	2.2
1.8	1.8	1.8	1.8	1.8	1.8	1.8	1.8	1.8	1.8
1.6	1.6	1.6	1.6	1.6	1.6	1.6	1.6	1.6	1.6
2.5	2.5	2.5	2.5	2.5	2.5	2.5	2.5	2.5	2.5
1.7	1.7	1.7	1.7	1.7	1.7	1.7	1.7	1.7	1.7
2.0	2.0	2.0	2.0	2.0	2.0	2.0	2.0	2.0	2.0
1.3	1.3	1.3	1.3	1.3	1.3	1.3	1.3	1.3	1.3
2.2	2.2	2.2	2.2	2.2	2.2	2.2	2.2	2.2	2.2
0.4	0.4	0.4	0.4	0.4	0.4	0.4	0.4	0.4	0.4
2.4	2.4	2.4	2.4	2.4	2.4	2.4	2.4	2.4	2.4
2.1	2.1	2.1	2.1	2.1	2.1	2.1	2.1	2.1	2.1
1.5	1.5	1.5	1.5	1.5	1.5	1.5	1.5	1.5	1.5
0.7	0.7	0.7	0.7	0.7	0.7	0.7	0.7	0.7	0.7
2.4	2.4	2.4	2.4	2.4	2.4	2.4	2.4	2.4	2.4
1.1	1.1	1.1	1.1	1.1	1.1	1.1	1.1	1.1	1.1
1.3	1.3	1.3	1.3	1.3	1.3	1.3	1.3	1.3	1.3
1.6	1.6	1.6	1.6	1.6	1.6	1.6	1.6	1.6	1.6
1.9	1.9	1.9	1.9	1.9	1.9	1.9	1.9	1.9	1.9
0.7	0.7	0.7	0.7	0.7	0.7	0.7	0.7	0.7	0.7
]
