N_MACHINES:10	N_JOBS:200	CHARGING_TIME:60	INITIAL_CHARGE:10
D:[
14	14	14	14	14	14	14	14	14	14
10	10	10	10	10	10	10	10	10	10
9	9	9	9	9	9	9	9	9	9
7	7	7	7	7	7	7	7	7	7
19	19	19	19	19	19	19	19	19	19
0	0	0	0	0	0	0	0	0	0
20	20	20	20	20	20	20	20	20	20
1	1	1	1	1	1	1	1	1	1
21	21	21	21	21	21	21	21	21	21
14	14	14	14	14	14	14	14	14	14
5	5	5	5	5	5	5	5	5	5
4	4	4	4	4	4	4	4	4	4
18	18	18	18	18	18	18	18	18	18
23	23	23	23	23	23	23	23	23	23
9	9	9	9	9	9	9	9	9	9
17	17	17	17	17	17	17	17	17	17
2	2	2	2	2	2	2	2	2	2
3	3	3	3	3	3	3	3	3	3
7	7	7	7	7	7	7	7	7	7
0	0	0	0	0	0	0	0	0	0
4	4	4	4	4	4	4	4	4	4
27	27	27	27	27	27	27	27	27	27
1	1	1	1	1	1	1	1	1	1
2	2	2	2	2	2	2	2	2	2
12	12	12	12	12	12	12	12	12	12
25	25	25	25	25	25	25	25	25	25
15	15	15	15	15	15	15	15	15	15
1	1	1	1	1	1	1	1	1	1
13	13	13	13	13	13	13	13	13	13
4	4	4	4	4	4	4	4	4	4
19	19	19	19	19	19	19	19	19	19
6	6	6	6	6	6	6	6	6	6
2	2	2	2	2	2	2	2	2	2
9	9	9	9	9	9	9	9	9	9
19	19	19	19	19	19	19	19	19	19
12	12	12	12	12	12	12	12	12	12
5	5	5	5	5	5	5	5	5	5
22	22	22	22	22	22	22	22	22	22
14	14	14	14	14	14	14	14	14	14
3	3	3	3	3	3	3	3	3	3
18	18	18	18	18	18	18	18	18	18
6	6	6	6	6	6	6	6	6	6
7	7	7	7	7	7	7	7	7	7
28	28	28	28	28	28	28	28	28	28
8	8	8	8	8	8	8	8	8	8
17	17	17	17	17	17	17	17	17	17
15	15	15	15	15	15	15	15	15	15
25	25	25	25	25	25	25	25	25	25
14	14	14	14	14	14	14	14	14	14
10	10	10	10	10	10	10	10	10	10
8	8	8	8	8	8	8	8	8	8
20	20	20	20	20	20	20	20	20	20
32	32	32	32	32	32	32	32	32	32
6	6	6	6	6	6	6	6	6	6
3	3	3	3	3	3	3	3	3	3
44	44	44	44	44	44	44	44	44	44
18	18	18	18	18	18	18	18	18	18
10	10	10	10	10	10	10	10	10	10
20	20	20	20	20	20	20	20	20	20
5	5	5	5	5	5	5	5	5	5
5	5	5	5	5	5	5	5	5	5
13	13	13	13	13	13	13	13	13	13
8	8	8	8	8	8	8	8	8	8
7	7	7	7	7	7	7	7	7	7
33	33	33	33	33	33	33	33	33	33
9	9	9	9	9	9	9	9	9	9
5	5	5	5	5	5	5	5	5	5
21	21	21	21	21	21	21	21	21	21
7	7	7	7	7	7	7	7	7	7
16	16	16	16	16	16	16	16	16	16
13	13	13	13	13	13	13	13	13	13
18	18	18	18	18	18	18	18	18	18
10	10	10	10	10	10	10	10	10	10
23	23	23	23	23	23	23	23	23	23
11	11	11	11	11	11	11	11	11	11
10	10	10	10	10	10	10	10	10	10
8	8	8	8	8	8	8	8	8	8
6	6	6	6	6	6	6	6	6	6
4	4	4	4	4	4	4	4	4	4
5	5	5	5	5	5	5	5	5	5
10	10	10	10	10	10	10	10	10	10
6	6	6	6	6	6	6	6	6	6
19	19	19	19	19	19	19	19	19	19
22	22	22	22	22	22	22	22	22	22
23	23	23	23	23	23	23	23	23	23
31	31	31	31	31	31	31	31	31	31
11	11	11	11	11	11	11	11	11	11
11	11	11	11	11	11	11	11	11	11
3	3	3	3	3	3	3	3	3	3
1	1	1	1	1	1	1	1	1	1
2	2	2	2	2	2	2	2	2	2
3	3	3	3	3	3	3	3	3	3
14	14	14	14	14	14	14	14	14	14
3	3	3	3	3	3	3	3	3	3
38	38	38	38	38	38	38	38	38	38
7	7	7	7	7	7	7	7	7	7
16	16	16	16	16	16	16	16	16	16
10	10	10	10	10	10	10	10	10	10
3	3	3	3	3	3	3	3	3	3
12	12	12	12	12	12	12	12	12	12
12	12	12	12	12	12	12	12	12	12
32	32	32	32	32	32	32	32	32	32
10	10	10	10	10	10	10	10	10	10
28	28	28	28	28	28	28	28	28	28
23	23	23	23	23	23	23	23	23	23
34	34	34	34	34	34	34	34	34	34
5	5	5	5	5	5	5	5	5	5
0	0	0	0	0	0	0	0	0	0
23	23	23	23	23	23	23	23	23	23
18	18	18	18	18	18	18	18	18	18
13	13	13	13	13	13	13	13	13	13
16	16	16	16	16	16	16	16	16	16
9	9	9	9	9	9	9	9	9	9
22	22	22	22	22	22	22	22	22	22
33	33	33	33	33	33	33	33	33	33
3	3	3	3	3	3	3	3	3	3
14	14	14	14	14	14	14	14	14	14
6	6	6	6	6	6	6	6	6	6
13	13	13	13	13	13	13	13	13	13
7	7	7	7	7	7	7	7	7	7
8	8	8	8	8	8	8	8	8	8
2	2	2	2	2	2	2	2	2	2
14	14	14	14	14	14	14	14	14	14
3	3	3	3	3	3	3	3	3	3
28	28	28	28	28	28	28	28	28	28
24	24	24	24	24	24	24	24	24	24
10	10	10	10	10	10	10	10	10	10
21	21	21	21	21	21	21	21	21	21
19	19	19	19	19	19	19	19	19	19
18	18	18	18	18	18	18	18	18	18
17	17	17	17	17	17	17	17	17	17
11	11	11	11	11	11	11	11	11	11
11	11	11	11	11	11	11	11	11	11
10	10	10	10	10	10	10	10	10	10
1	1	1	1	1	1	1	1	1	1
26	26	26	26	26	26	26	26	26	26
11	11	11	11	11	11	11	11	11	11
6	6	6	6	6	6	6	6	6	6
14	14	14	14	14	14	14	14	14	14
3	3	3	3	3	3	3	3	3	3
14	14	14	14	14	14	14	14	14	14
8	8	8	8	8	8	8	8	8	8
17	17	17	17	17	17	17	17	17	17
3	3	3	3	3	3	3	3	3	3
15	15	15	15	15	15	15	15	15	15
15	15	15	15	15	15	15	15	15	15
12	12	12	12	12	12	12	12	12	12
18	18	18	18	18	18	18	18	18	18
6	6	6	6	6	6	6	6	6	6
12	12	12	12	12	12	12	12	12	12
16	16	16	16	16	16	16	16	16	16
20	20	20	20	20	20	20	20	20	20
11	11	11	11	11	11	11	11	11	11
14	14	14	14	14	14	14	14	14	14
15	15	15	15	15	15	15	15	15	15
15	15	15	15	15	15	15	15	15	15
29	29	29	29	29	29	29	29	29	29
16	16	16	16	16	16	16	16	16	16
15	15	15	15	15	15	15	15	15	15
9	9	9	9	9	9	9	9	9	9
14	14	14	14	14	14	14	14	14	14
19	19	19	19	19	19	19	19	19	19
12	12	12	12	12	12	12	12	12	12
19	19	19	19	19	19	19	19	19	19
19	19	19	19	19	19	19	19	19	19
13	13	13	13	13	13	13	13	13	13
8	8	8	8	8	8	8	8	8	8
11	11	11	11	11	11	11	11	11	11
7	7	7	7	7	7	7	7	7	7
0	0	0	0	0	0	0	0	0	0
16	16	16	16	16	16	16	16	16	16
13	13	13	13	13	13	13	13	13	13
21	21	21	21	21	21	21	21	21	21
14	14	14	14	14	14	14	14	14	14
10	10	10	10	10	10	10	10	10	10
13	13	13	13	13	13	13	13	13	13
7	7	7	7	7	7	7	7	7	7
9	9	9	9	9	9	9	9	9	9
17	17	17	17	17	17	17	17	17	17
9	9	9	9	9	9	9	9	9	9
15	15	15	15	15	15	15	15	15	15
16	16	16	16	16	16	16	16	16	16
14	14	14	14	14	14	14	14	14	14
7	7	7	7	7	7	7	7	7	7
19	19	19	19	19	19	19	19	19	19
2	2	2	2	2	2	2	2	2	2
24	24	24	24	24	24	24	24	24	24
19	19	19	19	19	19	19	19	19	19
0	0	0	0	0	0	0	0	0	0
6	6	6	6	6	6	6	6	6	6
16	16	16	16	16	16	16	16	16	16
4	4	4	4	4	4	4	4	4	4
4	4	4	4	4	4	4	4	4	4
5	5	5	5	5	5	5	5	5	5
9	9	9	9	9	9	9	9	9	9
8	8	8	8	8	8	8	8	8	8
22	22	22	22	22	22	22	22	22	22
14	14	14	14	14	14	14	14	14	14
10	10	10	10	10	10	10	10	10	10
19	19	19	19	19	19	19	19	19	19
]
w:[
2.1	2.1	2.1	2.1	2.1	2.1	2.1	2.1	2.1	2.1
1.4	1.4	1.4	1.4	1.4	1.4	1.4	1.4	1.4	1.4
9.0	9.0	9.0	9.0	9.0	9.0	9.0	9.0	9.0	9.0
4.5	4.5	4.5	4.5	4.5	4.5	4.5	4.5	4.5	4.5
7.5	7.5	7.5	7.5	7.5	7.5	7.5	7.5	7.5	7.5
4.6	4.6	4.6	4.6	4.6	4.6	4.6	4.6	4.6	4.6
2.3	2.3	2.3	2.3	2.3	2.3	2.3	2.3	2.3	2.3
1.7	1.7	1.7	1.7	1.7	1.7	1.7	1.7	1.7	1.7
3.9	3.9	3.9	3.9	3.9	3.9	3.9	3.9	3.9	3.9
6.9	6.9	6.9	6.9	6.9	6.9	6.9	6.9	6.9	6.9
5.1	5.1	5.1	5.1	5.1	5.1	5.1	5.1	5.1	5.1
5.2	5.2	5.2	5.2	5.2	5.2	5.2	5.2	5.2	5.2
7.4	7.4	7.4	7.4	7.4	7.4	7.4	7.4	7.4	7.4
7.5	7.5	7.5	7.5	7.5	7.5	7.5	7.5	7.5	7.5
1.0	1.0	1.0	1.0	1.0	1.0	1.0	1.0	1.0	1.0
4.8	4.8	4.8	4.8	4.8	4.8	4.8	4.8	4.8	4.8
9.7	9.7	9.7	9.7	9.7	9.7	9.7	9.7	9.7	9.7
8.3	8.3	8.3	8.3	8.3	8.3	8.3	8.3	8.3	8.3
3.8	3.8	3.8	3.8	3.8	3.8	3.8	3.8	3.8	3.8
0.1	0.1	0.1	0.1	0.1	0.1	0.1	0.1	0.1	0.1
2.5	2.5	2.5	2.5	2.5	2.5	2.5	2.5	2.5	2.5
1.8	1.8	1.8	1.8	1.8	1.8	1.8	1.8	1.8	1.8
6.4	6.4	6.4	6.4	6.4	6.4	6.4	6.4	6.4	6.4
6.0	6.0	6.0	6.0	6.0	6.0	6.0	6.0	6.0	6.0
9.4	9.4	9.4	9.4	9.4	9.4	9.4	9.4	9.4	9.4
1.5	1.5	1.5	1.5	1.5	1.5	1.5	1.5	1.5	1.5
8.2	8.2	8.2	8.2	8.2	8.2	8.2	8.2	8.2	8.2
1.2	1.2	1.2	1.2	1.2	1.2	1.2	1.2	1.2	1.2
7.9	7.9	7.9	7.9	7.9	7.9	7.9	7.9	7.9	7.9
4.9	4.9	4.9	4.9	4.9	4.9	4.9	4.9	4.9	4.9
8.1	8.1	8.1	8.1	8.1	8.1	8.1	8.1	8.1	8.1
6.6	6.6	6.6	6.6	6.6	6.6	6.6	6.6	6.6	6.6
3.6	3.6	3.6	3.6	3.6	3.6	3.6	3.6	3.6	3.6
4.8	4.8	4.8	4.8	4.8	4.8	4.8	4.8	4.8	4.8
2.7	2.7	2.7	2.7	2.7	2.7	2.7	2.7	2.7	2.7
5.8	5.8	5.8	5.8	5.8	5.8	5.8	5.8	5.8	5.8
4.2	4.2	4.2	4.2	4.2	4.2	4.2	4.2	4.2	4.2
1.0	1.0	1.0	1.0	1.0	1.0	1.0	1.0	1.0	1.0
9.9	9.9	9.9	9.9	9.9	9.9	9.9	9.9	9.9	9.9
5.2	5.2	5.2	5.2	5.2	5.2	5.2	5.2	5.2	5.2
1.5	1.5	1.5	1.5	1.5	1.5	1.5	1.5	1.5	1.5
5.9	5.9	5.9	5.9	5.9	5.9	5.9	5.9	5.9	5.9
2.1	2.1	2.1	2.1	2.1	2.1	2.1	2.1	2.1	2.1
3.5	3.5	3.5	3.5	3.5	3.5	3.5	3.5	3.5	3.5
1.9	1.9	1.9	1.9	1.9	1.9	1.9	1.9	1.9	1.9
5.6	5.6	5.6	5.6	5.6	5.6	5.6	5.6	5.6	5.6
7.2	7.2	7.2	7.2	7.2	7.2	7.2	7.2	7.2	7.2
8.0	8.0	8.0	8.0	8.0	8.0	8.0	8.0	8.0	8.0
3.7	3.7	3.7	3.7	3.7	3.7	3.7	3.7	3.7	3.7
6.7	6.7	6.7	6.7	6.7	6.7	6.7	6.7	6.7	6.7
4.9	4.9	4.9	4.9	4.9	4.9	4.9	4.9	4.9	4.9
2.9	2.9	2.9	2.9	2.9	2.9	2.9	2.9	2.9	2.9
7.7	7.7	7.7	7.7	7.7	7.7	7.7	7.7	7.7	7.7
7.4	7.4	7.4	7.4	7.4	7.4	7.4	7.4	7.4	7.4
3.1	3.1	3.1	3.1	3.1	3.1	3.1	3.1	3.1	3.1
7.6	7.6	7.6	7.6	7.6	7.6	7.6	7.6	7.6	7.6
2.6	2.6	2.6	2.6	2.6	2.6	2.6	2.6	2.6	2.6
5.2	5.2	5.2	5.2	5.2	5.2	5.2	5.2	5.2	5.2
2.4	2.4	2.4	2.4	2.4	2.4	2.4	2.4	2.4	2.4
0.9	0.9	0.9	0.9	0.9	0.9	0.9	0.9	0.9	0.9
6.9	6.9	6.9	6.9	6.9	6.9	6.9	6.9	6.9	6.9
1.7	1.7	1.7	1.7	1.7	1.7	1.7	1.7	1.7	1.7
8.2	8.2	8.2	8.2	8.2	8.2	8.2	8.2	8.2	8.2
2.9	2.9	2.9	2.9	2.9	2.9	2.9	2.9	2.9	2.9
4.3	4.3	4.3	4.3	4.3	4.3	4.3	4.3	4.3	4.3
6.1	6.1	6.1	6.1	6.1	6.1	6.1	6.1	6.1	6.1
4.8	4.8	4.8	4.8	4.8	4.8	4.8	4.8	4.8	4.8
0.5	0.5	0.5	0.5	0.5	0.5	0.5	0.5	0.5	0.5
9.1	9.1	9.1	9.1	9.1	9.1	9.1	9.1	9.1	9.1
2.9	2.9	2.9	2.9	2.9	2.9	2.9	2.9	2.9	2.9
5.8	5.8	5.8	5.8	5.8	5.8	5.8	5.8	5.8	5.8
1.4	1.4	1.4	1.4	1.4	1.4	1.4	1.4	1.4	1.4
4.4	4.4	4.4	4.4	4.4	4.4	4.4	4.4	4.4	4.4
2.5	2.5	2.5	2.5	2.5	2.5	2.5	2.5	2.5	2.5
1.0	1.0	1.0	1.0	1.0	1.0	1.0	1.0	1.0	1.0
7.9	7.9	7.9	7.9	7.9	7.9	7.9	7.9	7.9	7.9
5.3	5.3	5.3	5.3	5.3	5.3	5.3	5.3	5.3	5.3
7.9	7.9	7.9	7.9	7.9	7.9	7.9	7.9	7.9	7.9
7.0	7.0	7.0	7.0	7.0	7.0	7.0	7.0	7.0	7.0
8.6	8.6	8.6	8.6	8.6	8.6	8.6	8.6	8.6	8.6
1.0	1.0	1.0	1.0	1.0	1.0	1.0	1.0	1.0	1.0
2.4	2.4	2.4	2.4	2.4	2.4	2.4	2.4	2.4	2.4
7.5	7.5	7.5	7.5	7.5	7.5	7.5	7.5	7.5	7.5
7.9	7.9	7.9	7.9	7.9	7.9	7.9	7.9	7.9	7.9
8.2	8.2	8.2	8.2	8.2	8.2	8.2	8.2	8.2	8.2
7.9	7.9	7.9	7.9	7.9	7.9	7.9	7.9	7.9	7.9
3.5	3.5	3.5	3.5	3.5	3.5	3.5	3.5	3.5	3.5
7.1	7.1	7.1	7.1	7.1	7.1	7.1	7.1	7.1	7.1
1.3	1.3	1.3	1.3	1.3	1.3	1.3	1.3	1.3	1.3
7.1	7.1	7.1	7.1	7.1	7.1	7.1	7.1	7.1	7.1
0.3	0.3	0.3	0.3	0.3	0.3	0.3	0.3	0.3	0.3
8.8	8.8	8.8	8.8	8.8	8.8	8.8	8.8	8.8	8.8
3.5	3.5	3.5	3.5	3.5	3.5	3.5	3.5	3.5	3.5
5.1	5.1	5.1	5.1	5.1	5.1	5.1	5.1	5.1	5.1
7.8	7.8	7.8	7.8	7.8	7.8	7.8	7.8	7.8	7.8
2.2	2.2	2.2	2.2	2.2	2.2	2.2	2.2	2.2	2.2
0.8	0.8	0.8	0.8	0.8	0.8	0.8	0.8	0.8	0.8
4.5	4.5	4.5	4.5	4.5	4.5	4.5	4.5	4.5	4.5
4.3	4.3	4.3	4.3	4.3	4.3	4.3	4.3	4.3	4.3
1.4	1.4	1.4	1.4	1.4	1.4	1.4	1.4	1.4	1.4
3.1	3.1	3.1	3.1	3.1	3.1	3.1	3.1	3.1	3.1
1.0	1.0	1.0	1.0	1.0	1.0	1.0	1.0	1.0	1.0
2.4	2.4	2.4	2.4	2.4	2.4	2.4	2.4	2.4	2.4
3.7	3.7	3.7	3.7	3.7	3.7	3.7	3.7	3.7	3.7
9.3	9.3	9.3	9.3	9.3	9.3	9.3	9.3	9.3	9.3
2.4	2.4	2.4	2.4	2.4	2.4	2.4	2.4	2.4	2.4
0.3	0.3	0.3	0.3	0.3	0.3	0.3	0.3	0.3	0.3
6.7	6.7	6.7	6.7	6.7	6.7	6.7	6.7	6.7	6.7
4.8	4.8	4.8	4.8	4.8	4.8	4.8	4.8	4.8	4.8
0.6	0.6	0.6	0.6	0.6	0.6	0.6	0.6	0.6	0.6
5.2	5.2	5.2	5.2	5.2	5.2	5.2	5.2	5.2	5.2
2.8	2.8	2.8	2.8	2.8	2.8	2.8	2.8	2.8	2.8
6.8	6.8	6.8	6.8	6.8	6.8	6.8	6.8	6.8	6.8
1.8	1.8	1.8	1.8	1.8	1.8	1.8	1.8	1.8	1.8
7.7	7.7	7.7	7.7	7.7	7.7	7.7	7.7	7.7	7.7
3.8	3.8	3.8	3.8	3.8	3.8	3.8	3.8	3.8	3.8
2.5	2.5	2.5	2.5	2.5	2.5	2.5	2.5	2.5	2.5
7.8	7.8	7.8	7.8	7.8	7.8	7.8	7.8	7.8	7.8
4.6	4.6	4.6	4.6	4.6	4.6	4.6	4.6	4.6	4.6
7.9	7.9	7.9	7.9	7.9	7.9	7.9	7.9	7.9	7.9
6.5	6.5	6.5	6.5	6.5	6.5	6.5	6.5	6.5	6.5
4.3	4.3	4.3	4.3	4.3	4.3	4.3	4.3	4.3	4.3
3.2	3.2	3.2	3.2	3.2	3.2	3.2	3.2	3.2	3.2
3.0	3.0	3.0	3.0	3.0	3.0	3.0	3.0	3.0	3.0
1.3	1.3	1.3	1.3	1.3	1.3	1.3	1.3	1.3	1.3
3.0	3.0	3.0	3.0	3.0	3.0	3.0	3.0	3.0	3.0
7.4	7.4	7.4	7.4	7.4	7.4	7.4	7.4	7.4	7.4
3.3	3.3	3.3	3.3	3.3	3.3	3.3	3.3	3.3	3.3
2.6	2.6	2.6	2.6	2.6	2.6	2.6	2.6	2.6	2.6
0.5	0.5	0.5	0.5	0.5	0.5	0.5	0.5	0.5	0.5
5.2	5.2	5.2	5.2	5.2	5.2	5.2	5.2	5.2	5.2
4.2	4.2	4.2	4.2	4.2	4.2	4.2	4.2	4.2	4.2
6.9	6.9	6.9	6.9	6.9	6.9	6.9	6.9	6.9	6.9
2.6	2.6	2.6	2.6	2.6	2.6	2.6	2.6	2.6	2.6
2.7	2.7	2.7	2.7	2.7	2.7	2.7	2.7	2.7	2.7
3.1	3.1	3.1	3.1	3.1	3.1	3.1	3.1	3.1	3.1
6.5	6.5	6.5	6.5	6.5	6.5	6.5	6.5	6.5	6.5
8.9	8.9	8.9	8.9	8.9	8.9	8.9	8.9	8.9	8.9
1.2	1.2	1.2	1.2	1.2	1.2	1.2	1.2	1.2	1.2
8.3	8.3	8.3	8.3	8.3	8.3	8.3	8.3	8.3	8.3
3.8	3.8	3.8	3.8	3.8	3.8	3.8	3.8	3.8	3.8
8.3	8.3	8.3	8.3	8.3	8.3	8.3	8.3	8.3	8.3
1.7	1.7	1.7	1.7	1.7	1.7	1.7	1.7	1.7	1.7
0.6	0.6	0.6	0.6	0.6	0.6	0.6	0.6	0.6	0.6
5.6	5.6	5.6	5.6	5.6	5.6	5.6	5.6	5.6	5.6
3.9	3.9	3.9	3.9	3.9	3.9	3.9	3.9	3.9	3.9
5.6	5.6	5.6	5.6	5.6	5.6	5.6	5.6	5.6	5.6
5.5	5.5	5.5	5.5	5.5	5.5	5.5	5.5	5.5	5.5
3.6	3.6	3.6	3.6	3.6	3.6	3.6	3.6	3.6	3.6
6.6	6.6	6.6	6.6	6.6	6.6	6.6	6.6	6.6	6.6
5.6	5.6	5.6	5.6	5.6	5.6	5.6	5.6	5.6	5.6
6.2	6.2	6.2	6.2	6.2	6.2	6.2	6.2	6.2	6.2
1.7	1.7	1.7	1.7	1.7	1.7	1.7	1.7	1.7	1.7
5.8	5.8	5.8	5.8	5.8	5.8	5.8	5.8	5.8	5.8
7.6	7.6	7.6	7.6	7.6	7.6	7.6	7.6	7.6	7.6
2.3	2.3	2.3	2.3	2.3	2.3	2.3	2.3	2.3	2.3
4.4	4.4	4.4	4.4	4.4	4.4	4.4	4.4	4.4	4.4
4.1	4.1	4.1	4.1	4.1	4.1	4.1	4.1	4.1	4.1
3.5	3.5	3.5	3.5	3.5	3.5	3.5	3.5	3.5	3.5
2.9	2.9	2.9	2.9	2.9	2.9	2.9	2.9	2.9	2.9
1.9	1.9	1.9	1.9	1.9	1.9	1.9	1.9	1.9	1.9
4.3	4.3	4.3	4.3	4.3	4.3	4.3	4.3	4.3	4.3
3.2	3.2	3.2	3.2	3.2	3.2	3.2	3.2	3.2	3.2
9.2	9.2	9.2	9.2	9.2	9.2	9.2	9.2	9.2	9.2
1.0	1.0	1.0	1.0	1.0	1.0	1.0	1.0	1.0	1.0
8.9	8.9	8.9	8.9	8.9	8.9	8.9	8.9	8.9	8.9
0.9	0.9	0.9	0.9	0.9	0.9	0.9	0.9	0.9	0.9
1.3	1.3	1.3	1.3	1.3	1.3	1.3	1.3	1.3	1.3
0.6	0.6	0.6	0.6	0.6	0.6	0.6	0.6	0.6	0.6
6.0	6.0	6.0	6.0	6.0	6.0	6.0	6.0	6.0	6.0
2.7	2.7	2.7	2.7	2.7	2.7	2.7	2.7	2.7	2.7
2.4	2.4	2.4	2.4	2.4	2.4	2.4	2.4	2.4	2.4
9.1	9.1	9.1	9.1	9.1	9.1	9.1	9.1	9.1	9.1
1.6	1.6	1.6	1.6	1.6	1.6	1.6	1.6	1.6	1.6
1.9	1.9	1.9	1.9	1.9	1.9	1.9	1.9	1.9	1.9
5.3	5.3	5.3	5.3	5.3	5.3	5.3	5.3	5.3	5.3
3.2	3.2	3.2	3.2	3.2	3.2	3.2	3.2	3.2	3.2
0.8	0.8	0.8	0.8	0.8	0.8	0.8	0.8	0.8	0.8
6.5	6.5	6.5	6.5	6.5	6.5	6.5	6.5	6.5	6.5
2.4	2.4	2.4	2.4	2.4	2.4	2.4	2.4	2.4	2.4
1.5	1.5	1.5	1.5	1.5	1.5	1.5	1.5	1.5	1.5
4.4	4.4	4.4	4.4	4.4	4.4	4.4	4.4	4.4	4.4
7.2	7.2	7.2	7.2	7.2	7.2	7.2	7.2	7.2	7.2
3.9	3.9	3.9	3.9	3.9	3.9	3.9	3.9	3.9	3.9
6.9	6.9	6.9	6.9	6.9	6.9	6.9	6.9	6.9	6.9
3.6	3.6	3.6	3.6	3.6	3.6	3.6	3.6	3.6	3.6
2.2	2.2	2.2	2.2	2.2	2.2	2.2	2.2	2.2	2.2
6.2	6.2	6.2	6.2	6.2	6.2	6.2	6.2	6.2	6.2
3.1	3.1	3.1	3.1	3.1	3.1	3.1	3.1	3.1	3.1
1.3	1.3	1.3	1.3	1.3	1.3	1.3	1.3	1.3	1.3
5.1	5.1	5.1	5.1	5.1	5.1	5.1	5.1	5.1	5.1
5.3	5.3	5.3	5.3	5.3	5.3	5.3	5.3	5.3	5.3
4.7	4.7	4.7	4.7	4.7	4.7	4.7	4.7	4.7	4.7
9.7	9.7	9.7	9.7	9.7	9.7	9.7	9.7	9.7	9.7
5.4	5.4	5.4	5.4	5.4	5.4	5.4	5.4	5.4	5.4
4.2	4.2	4.2	4.2	4.2	4.2	4.2	4.2	4.2	4.2
1.3	1.3	1.3	1.3	1.3	1.3	1.3	1.3	1.3	1.3
6.0	6.0	6.0	6.0	6.0	6.0	6.0	6.0	6.0	6.0
1.3	1.3	1.3	1.3	1.3	1.3	1.3	1.3	1.3	1.3
1.7	1.7	1.7	1.7	1.7	1.7	1.7	1.7	1.7	1.7
]
