N_MACHINES:10	N_JOBS:150	CHARGING_TIME:60	INITIAL_CHARGE:10
D:[
8	8	8	8	8	8	8	8	8	8
23	23	23	23	23	23	23	23	23	23
0	0	0	0	0	0	0	0	0	0
25	25	25	25	25	25	25	25	25	25
19	19	19	19	19	19	19	19	19	19
6	6	6	6	6	6	6	6	6	6
9	9	9	9	9	9	9	9	9	9
5	5	5	5	5	5	5	5	5	5
33	33	33	33	33	33	33	33	33	33
36	36	36	36	36	36	36	36	36	36
6	6	6	6	6	6	6	6	6	6
6	6	6	6	6	6	6	6	6	6
7	7	7	7	7	7	7	7	7	7
16	16	16	16	16	16	16	16	16	16
3	3	3	3	3	3	3	3	3	3
7	7	7	7	7	7	7	7	7	7
6	6	6	6	6	6	6	6	6	6
4	4	4	4	4	4	4	4	4	4
5	5	5	5	5	5	5	5	5	5
21	21	21	21	21	21	21	21	21	21
15	15	15	15	15	15	15	15	15	15
3	3	3	3	3	3	3	3	3	3
0	0	0	0	0	0	0	0	0	0
10	10	10	10	10	10	10	10	10	10
12	12	12	12	12	12	12	12	12	12
11	11	11	11	11	11	11	11	11	11
11	11	11	11	11	11	11	11	11	11
9	9	9	9	9	9	9	9	9	9
9	9	9	9	9	9	9	9	9	9
24	24	24	24	24	24	24	24	24	24
8	8	8	8	8	8	8	8	8	8
11	11	11	11	11	11	11	11	11	11
19	19	19	19	19	19	19	19	19	19
6	6	6	6	6	6	6	6	6	6
8	8	8	8	8	8	8	8	8	8
18	18	18	18	18	18	18	18	18	18
12	12	12	12	12	12	12	12	12	12
20	20	20	20	20	20	20	20	20	20
16	16	16	16	16	16	16	16	16	16
2	2	2	2	2	2	2	2	2	2
3	3	3	3	3	3	3	3	3	3
10	10	10	10	10	10	10	10	10	10
4	4	4	4	4	4	4	4	4	4
4	4	4	4	4	4	4	4	4	4
20	20	20	20	20	20	20	20	20	20
1	1	1	1	1	1	1	1	1	1
8	8	8	8	8	8	8	8	8	8
11	11	11	11	11	11	11	11	11	11
15	15	15	15	15	15	15	15	15	15
2	2	2	2	2	2	2	2	2	2
17	17	17	17	17	17	17	17	17	17
15	15	15	15	15	15	15	15	15	15
5	5	5	5	5	5	5	5	5	5
16	16	16	16	16	16	16	16	16	16
15	15	15	15	15	15	15	15	15	15
3	3	3	3	3	3	3	3	3	3
1	1	1	1	1	1	1	1	1	1
24	24	24	24	24	24	24	24	24	24
12	12	12	12	12	12	12	12	12	12
12	12	12	12	12	12	12	12	12	12
7	7	7	7	7	7	7	7	7	7
20	20	20	20	20	20	20	20	20	20
6	6	6	6	6	6	6	6	6	6
20	20	20	20	20	20	20	20	20	20
5	5	5	5	5	5	5	5	5	5
10	10	10	10	10	10	10	10	10	10
16	16	16	16	16	16	16	16	16	16
9	9	9	9	9	9	9	9	9	9
12	12	12	12	12	12	12	12	12	12
5	5	5	5	5	5	5	5	5	5
0	0	0	0	0	0	0	0	0	0
19	19	19	19	19	19	19	19	19	19
5	5	5	5	5	5	5	5	5	5
11	11	11	11	11	11	11	11	11	11
11	11	11	11	11	11	11	11	11	11
5	5	5	5	5	5	5	5	5	5
6	6	6	6	6	6	6	6	6	6
7	7	7	7	7	7	7	7	7	7
14	14	14	14	14	14	14	14	14	14
2	2	2	2	2	2	2	2	2	2
4	4	4	4	4	4	4	4	4	4
21	21	21	21	21	21	21	21	21	21
14	14	14	14	14	14	14	14	14	14
11	11	11	11	11	11	11	11	11	11
9	9	9	9	9	9	9	9	9	9
4	4	4	4	4	4	4	4	4	4
14	14	14	14	14	14	14	14	14	14
3	3	3	3	3	3	3	3	3	3
1	1	1	1	1	1	1	1	1	1
3	3	3	3	3	3	3	3	3	3
6	6	6	6	6	6	6	6	6	6
3	3	3	3	3	3	3	3	3	3
8	8	8	8	8	8	8	8	8	8
8	8	8	8	8	8	8	8	8	8
0	0	0	0	0	0	0	0	0	0
19	19	19	19	19	19	19	19	19	19
35	35	35	35	35	35	35	35	35	35
17	17	17	17	17	17	17	17	17	17
7	7	7	7	7	7	7	7	7	7
22	22	22	22	22	22	22	22	22	22
11	11	11	11	11	11	11	11	11	11
7	7	7	7	7	7	7	7	7	7
22	22	22	22	22	22	22	22	22	22
19	19	19	19	19	19	19	19	19	19
14	14	14	14	14	14	14	14	14	14
4	4	4	4	4	4	4	4	4	4
3	3	3	3	3	3	3	3	3	3
13	13	13	13	13	13	13	13	13	13
12	12	12	12	12	12	12	12	12	12
6	6	6	6	6	6	6	6	6	6
34	34	34	34	34	34	34	34	34	34
14	14	14	14	14	14	14	14	14	14
17	17	17	17	17	17	17	17	17	17
8	8	8	8	8	8	8	8	8	8
6	6	6	6	6	6	6	6	6	6
13	13	13	13	13	13	13	13	13	13
19	19	19	19	19	19	19	19	19	19
22	22	22	22	22	22	22	22	22	22
2	2	2	2	2	2	2	2	2	2
5	5	5	5	5	5	5	5	5	5
11	11	11	11	11	11	11	11	11	11
12	12	12	12	12	12	12	12	12	12
0	0	0	0	0	0	0	0	0	0
6	6	6	6	6	6	6	6	6	6
29	29	29	29	29	29	29	29	29	29
3	3	3	3	3	3	3	3	3	3
21	21	21	21	21	21	21	21	21	21
23	23	23	23	23	23	23	23	23	23
10	10	10	10	10	10	10	10	10	10
16	16	16	16	16	16	16	16	16	16
13	13	13	13	13	13	13	13	13	13
28	28	28	28	28	28	28	28	28	28
15	15	15	15	15	15	15	15	15	15
26	26	26	26	26	26	26	26	26	26
17	17	17	17	17	17	17	17	17	17
11	11	11	11	11	11	11	11	11	11
18	18	18	18	18	18	18	18	18	18
7	7	7	7	7	7	7	7	7	7
21	21	21	21	21	21	21	21	21	21
0	0	0	0	0	0	0	0	0	0
5	5	5	5	5	5	5	5	5	5
2	2	2	2	2	2	2	2	2	2
2	2	2	2	2	2	2	2	2	2
5	5	5	5	5	5	5	5	5	5
2	2	2	2	2	2	2	2	2	2
2	2	2	2	2	2	2	2	2	2
12	12	12	12	12	12	12	12	12	12
3	3	3	3	3	3	3	3	3	3
9	9	9	9	9	9	9	9	9	9
15	15	15	15	15	15	15	15	15	15
]
w:[
8.4	8.4	8.4	8.4	8.4	8.4	8.4	8.4	8.4	8.4
1.0	1.0	1.0	1.0	1.0	1.0	1.0	1.0	1.0	1.0
3.4	3.4	3.4	3.4	3.4	3.4	3.4	3.4	3.4	3.4
5.3	5.3	5.3	5.3	5.3	5.3	5.3	5.3	5.3	5.3
2.9	2.9	2.9	2.9	2.9	2.9	2.9	2.9	2.9	2.9
4.2	4.2	4.2	4.2	4.2	4.2	4.2	4.2	4.2	4.2
2.3	2.3	2.3	2.3	2.3	2.3	2.3	2.3	2.3	2.3
4.1	4.1	4.1	4.1	4.1	4.1	4.1	4.1	4.1	4.1
6.2	6.2	6.2	6.2	6.2	6.2	6.2	6.2	6.2	6.2
7.9	7.9	7.9	7.9	7.9	7.9	7.9	7.9	7.9	7.9
5.1	5.1	5.1	5.1	5.1	5.1	5.1	5.1	5.1	5.1
6.8	6.8	6.8	6.8	6.8	6.8	6.8	6.8	6.8	6.8
6.6	6.6	6.6	6.6	6.6	6.6	6.6	6.6	6.6	6.6
9.6	9.6	9.6	9.6	9.6	9.6	9.6	9.6	9.6	9.6
8.0	8.0	8.0	8.0	8.0	8.0	8.0	8.0	8.0	8.0
2.6	2.6	2.6	2.6	2.6	2.6	2.6	2.6	2.6	2.6
6.6	6.6	6.6	6.6	6.6	6.6	6.6	6.6	6.6	6.6
3.9	3.9	3.9	3.9	3.9	3.9	3.9	3.9	3.9	3.9
5.2	5.2	5.2	5.2	5.2	5.2	5.2	5.2	5.2	5.2
7.0	7.0	7.0	7.0	7.0	7.0	7.0	7.0	7.0	7.0
6.8	6.8	6.8	6.8	6.8	6.8	6.8	6.8	6.8	6.8
1.1	1.1	1.1	1.1	1.1	1.1	1.1	1.1	1.1	1.1
0.6	0.6	0.6	0.6	0.6	0.6	0.6	0.6	0.6	0.6
8.4	8.4	8.4	8.4	8.4	8.4	8.4	8.4	8.4	8.4
5.5	5.5	5.5	5.5	5.5	5.5	5.5	5.5	5.5	5.5
0.9	0.9	0.9	0.9	0.9	0.9	0.9	0.9	0.9	0.9
4.9	4.9	4.9	4.9	4.9	4.9	4.9	4.9	4.9	4.9
2.0	2.0	2.0	2.0	2.0	2.0	2.0	2.0	2.0	2.0
0.5	0.5	0.5	0.5	0.5	0.5	0.5	0.5	0.5	0.5
2.5	2.5	2.5	2.5	2.5	2.5	2.5	2.5	2.5	2.5
4.6	4.6	4.6	4.6	4.6	4.6	4.6	4.6	4.6	4.6
6.1	6.1	6.1	6.1	6.1	6.1	6.1	6.1	6.1	6.1
6.3	6.3	6.3	6.3	6.3	6.3	6.3	6.3	6.3	6.3
6.2	6.2	6.2	6.2	6.2	6.2	6.2	6.2	6.2	6.2
4.7	4.7	4.7	4.7	4.7	4.7	4.7	4.7	4.7	4.7
9.6	9.6	9.6	9.6	9.6	9.6	9.6	9.6	9.6	9.6
6.8	6.8	6.8	6.8	6.8	6.8	6.8	6.8	6.8	6.8
8.3	8.3	8.3	8.3	8.3	8.3	8.3	8.3	8.3	8.3
8.4	8.4	8.4	8.4	8.4	8.4	8.4	8.4	8.4	8.4
7.2	7.2	7.2	7.2	7.2	7.2	7.2	7.2	7.2	7.2
3.0	3.0	3.0	3.0	3.0	3.0	3.0	3.0	3.0	3.0
5.1	5.1	5.1	5.1	5.1	5.1	5.1	5.1	5.1	5.1
8.8	8.8	8.8	8.8	8.8	8.8	8.8	8.8	8.8	8.8
7.0	7.0	7.0	7.0	7.0	7.0	7.0	7.0	7.0	7.0
0.2	0.2	0.2	0.2	0.2	0.2	0.2	0.2	0.2	0.2
0.9	0.9	0.9	0.9	0.9	0.9	0.9	0.9	0.9	0.9
2.0	2.0	2.0	2.0	2.0	2.0	2.0	2.0	2.0	2.0
8.7	8.7	8.7	8.7	8.7	8.7	8.7	8.7	8.7	8.7
9.1	9.1	9.1	9.1	9.1	9.1	9.1	9.1	9.1	9.1
7.1	7.1	7.1	7.1	7.1	7.1	7.1	7.1	7.1	7.1
7.5	7.5	7.5	7.5	7.5	7.5	7.5	7.5	7.5	7.5
4.2	4.2	4.2	4.2	4.2	4.2	4.2	4.2	4.2	4.2
5.6	5.6	5.6	5.6	5.6	5.6	5.6	5.6	5.6	5.6
7.7	7.7	7.7	7.7	7.7	7.7	7.7	7.7	7.7	7.7
3.3	3.3	3.3	3.3	3.3	3.3	3.3	3.3	3.3	3.3
6.3	6.3	6.3	6.3	6.3	6.3	6.3	6.3	6.3	6.3
1.3	1.3	1.3	1.3	1.3	1.3	1.3	1.3	1.3	1.3
2.8	2.8	2.8	2.8	2.8	2.8	2.8	2.8	2.8	2.8
4.1	4.1	4.1	4.1	4.1	4.1	4.1	4.1	4.1	4.1
6.5	6.5	6.5	6.5	6.5	6.5	6.5	6.5	6.5	6.5
9.8	9.8	9.8	9.8	9.8	9.8	9.8	9.8	9.8	9.8
0.5	0.5	0.5	0.5	0.5	0.5	0.5	0.5	0.5	0.5
7.7	7.7	7.7	7.7	7.7	7.7	7.7	7.7	7.7	7.7
5.6	5.6	5.6	5.6	5.6	5.6	5.6	5.6	5.6	5.6
6.7	6.7	6.7	6.7	6.7	6.7	6.7	6.7	6.7	6.7
5.3	5.3	5.3	5.3	5.3	5.3	5.3	5.3	5.3	5.3
6.3	6.3	6.3	6.3	6.3	6.3	6.3	6.3	6.3	6.3
4.7	4.7	4.7	4.7	4.7	4.7	4.7	4.7	4.7	4.7
1.9	1.9	1.9	1.9	1.9	1.9	1.9	1.9	1.9	1.9
6.7	6.7	6.7	6.7	6.7	6.7	6.7	6.7	6.7	6.7
4.1	4.1	4.1	4.1	4.1	4.1	4.1	4.1	4.1	4.1
4.9	4.9	4.9	4.9	4.9	4.9	4.9	4.9	4.9	4.9
3.0	3.0	3.0	3.0	3.0	3.0	3.0	3.0	3.0	3.0
1.8	1.8	1.8	1.8	1.8	1.8	1.8	1.8	1.8	1.8
6.3	6.3	6.3	6.3	6.3	6.3	6.3	6.3	6.3	6.3
3.8	3.8	3.8	3.8	3.8	3.8	3.8	3.8	3.8	3.8
9.0	9.0	9.0	9.0	9.0	9.0	9.0	9.0	9.0	9.0
6.4	6.4	6.4	6.4	6.4	6.4	6.4	6.4	6.4	6.4
5.9	5.9	5.9	5.9	5.9	5.9	5.9	5.9	5.9	5.9
4.7	4.7	4.7	4.7	4.7	4.7	4.7	4.7	4.7	4.7
1.2	1.2	1.2	1.2	1.2	1.2	1.2	1.2	1.2	1.2
1.3	1.3	1.3	1.3	1.3	1.3	1.3	1.3	1.3	1.3
0.9	0.9	0.9	0.9	0.9	0.9	0.9	0.9	0.9	0.9
4.8	4.8	4.8	4.8	4.8	4.8	4.8	4.8	4.8	4.8
8.4	8.4	8.4	8.4	8.4	8.4	8.4	8.4	8.4	8.4
9.9	9.9	9.9	9.9	9.9	9.9	9.9	9.9	9.9	9.9
4.1	4.1	4.1	4.1	4.1	4.1	4.1	4.1	4.1	4.1
4.0	4.0	4.0	4.0	4.0	4.0	4.0	4.0	4.0	4.0
5.8	5.8	5.8	5.8	5.8	5.8	5.8	5.8	5.8	5.8
5.0	5.0	5.0	5.0	5.0	5.0	5.0	5.0	5.0	5.0
7.2	7.2	7.2	7.2	7.2	7.2	7.2	7.2	7.2	7.2
2.3	2.3	2.3	2.3	2.3	2.3	2.3	2.3	2.3	2.3
0.7	0.7	0.7	0.7	0.7	0.7	0.7	0.7	0.7	0.7
2.8	2.8	2.8	2.8	2.8	2.8	2.8	2.8	2.8	2.8
5.3	5.3	5.3	5.3	5.3	5.3	5.3	5.3	5.3	5.3
5.4	5.4	5.4	5.4	5.4	5.4	5.4	5.4	5.4	5.4
3.3	3.3	3.3	3.3	3.3	3.3	3.3	3.3	3.3	3.3
1.1	1.1	1.1	1.1	1.1	1.1	1.1	1.1	1.1	1.1
1.7	1.7	1.7	1.7	1.7	1.7	1.7	1.7	1.7	1.7
4.3	4.3	4.3	4.3	4.3	4.3	4.3	4.3	4.3	4.3
6.5	6.5	6.5	6.5	6.5	6.5	6.5	6.5	6.5	6.5
3.0	3.0	3.0	3.0	3.0	3.0	3.0	3.0	3.0	3.0
4.1	4.1	4.1	4.1	4.1	4.1	4.1	4.1	4.1	4.1
1.8	1.8	1.8	1.8	1.8	1.8	1.8	1.8	1.8	1.8
1.9	1.9	1.9	1.9	1.9	1.9	1.9	1.9	1.9	1.9
9.4	9.4	9.4	9.4	9.4	9.4	9.4	9.4	9.4	9.4
7.2	7.2	7.2	7.2	7.2	7.2	7.2	7.2	7.2	7.2
7.2	7.2	7.2	7.2	7.2	7.2	7.2	7.2	7.2	7.2
6.2	6.2	6.2	6.2	6.2	6.2	6.2	6.2	6.2	6.2
0.8	0.8	0.8	0.8	0.8	0.8	0.8	0.8	0.8	0.8
7.4	7.4	7.4	7.4	7.4	7.4	7.4	7.4	7.4	7.4
4.4	4.4	4.4	4.4	4.4	4.4	4.4	4.4	4.4	4.4
2.4	2.4	2.4	2.4	2.4	2.4	2.4	2.4	2.4	2.4
6.5	6.5	6.5	6.5	6.5	6.5	6.5	6.5	6.5	6.5
1.4	1.4	1.4	1.4	1.4	1.4	1.4	1.4	1.4	1.4
2.4	2.4	2.4	2.4	2.4	2.4	2.4	2.4	2.4	2.4
3.0	3.0	3.0	3.0	3.0	3.0	3.0	3.0	3.0	3.0
7.5	7.5	7.5	7.5	7.5	7.5	7.5	7.5	7.5	7.5
6.3	6.3	6.3	6.3	6.3	6.3	6.3	6.3	6.3	6.3
2.4	2.4	2.4	2.4	2.4	2.4	2.4	2.4	2.4	2.4
8.2	8.2	8.2	8.2	8.2	8.2	8.2	8.2	8.2	8.2
7.6	7.6	7.6	7.6	7.6	7.6	7.6	7.6	7.6	7.6
9.8	9.8	9.8	9.8	9.8	9.8	9.8	9.8	9.8	9.8
0.6	0.6	0.6	0.6	0.6	0.6	0.6	0.6	0.6	0.6
1.1	1.1	1.1	1.1	1.1	1.1	1.1	1.1	1.1	1.1
5.7	5.7	5.7	5.7	5.7	5.7	5.7	5.7	5.7	5.7
1.0	1.0	1.0	1.0	1.0	1.0	1.0	1.0	1.0	1.0
5.2	5.2	5.2	5.2	5.2	5.2	5.2	5.2	5.2	5.2
4.2	4.2	4.2	4.2	4.2	4.2	4.2	4.2	4.2	4.2
8.7	8.7	8.7	8.7	8.7	8.7	8.7	8.7	8.7	8.7
9.9	9.9	9.9	9.9	9.9	9.9	9.9	9.9	9.9	9.9
2.9	2.9	2.9	2.9	2.9	2.9	2.9	2.9	2.9	2.9
6.5	6.5	6.5	6.5	6.5	6.5	6.5	6.5	6.5	6.5
6.0	6.0	6.0	6.0	6.0	6.0	6.0	6.0	6.0	6.0
3.3	3.3	3.3	3.3	3.3	3.3	3.3	3.3	3.3	3.3
3.1	3.1	3.1	3.1	3.1	3.1	3.1	3.1	3.1	3.1
4.2	4.2	4.2	4.2	4.2	4.2	4.2	4.2	4.2	4.2
6.8	6.8	6.8	6.8	6.8	6.8	6.8	6.8	6.8	6.8
5.9	5.9	5.9	5.9	5.9	5.9	5.9	5.9	5.9	5.9
7.8	7.8	7.8	7.8	7.8	7.8	7.8	7.8	7.8	7.8
3.8	3.8	3.8	3.8	3.8	3.8	3.8	3.8	3.8	3.8
0.4	0.4	0.4	0.4	0.4	0.4	0.4	0.4	0.4	0.4
6.0	6.0	6.0	6.0	6.0	6.0	6.0	6.0	6.0	6.0
2.2	2.2	2.2	2.2	2.2	2.2	2.2	2.2	2.2	2.2
2.2	2.2	2.2	2.2	2.2	2.2	2.2	2.2	2.2	2.2
4.0	4.0	4.0	4.0	4.0	4.0	4.0	4.0	4.0	4.0
2.6	2.6	2.6	2.6	2.6	2.6	2.6	2.6	2.6	2.6
3.5	3.5	3.5	3.5	3.5	3.5	3.5	3.5	3.5	3.5
6.5	6.5	6.5	6.5	6.5	6.5	6.5	6.5	6.5	6.5
7.2	7.2	7.2	7.2	7.2	7.2	7.2	7.2	7.2	7.2
]
