N_MACHINES:10	N_JOBS:150	CHARGING_TIME:60	INITIAL_CHARGE:10
D:[
38	38	38	38	38	38	38	38	38	38
40	40	40	40	40	40	40	40	40	40
67	67	67	67	67	67	67	67	67	67
34	34	34	34	34	34	34	34	34	34
16	16	16	16	16	16	16	16	16	16
29	29	29	29	29	29	29	29	29	29
19	19	19	19	19	19	19	19	19	19
34	34	34	34	34	34	34	34	34	34
49	49	49	49	49	49	49	49	49	49
13	13	13	13	13	13	13	13	13	13
91	91	91	91	91	91	91	91	91	91
16	16	16	16	16	16	16	16	16	16
64	64	64	64	64	64	64	64	64	64
94	94	94	94	94	94	94	94	94	94
77	77	77	77	77	77	77	77	77	77
59	59	59	59	59	59	59	59	59	59
17	17	17	17	17	17	17	17	17	17
22	22	22	22	22	22	22	22	22	22
13	13	13	13	13	13	13	13	13	13
57	57	57	57	57	57	57	57	57	57
30	30	30	30	30	30	30	30	30	30
39	39	39	39	39	39	39	39	39	39
11	11	11	11	11	11	11	11	11	11
2	2	2	2	2	2	2	2	2	2
26	26	26	26	26	26	26	26	26	26
16	16	16	16	16	16	16	16	16	16
62	62	62	62	62	62	62	62	62	62
47	47	47	47	47	47	47	47	47	47
17	17	17	17	17	17	17	17	17	17
56	56	56	56	56	56	56	56	56	56
18	18	18	18	18	18	18	18	18	18
15	15	15	15	15	15	15	15	15	15
12	12	12	12	12	12	12	12	12	12
49	49	49	49	49	49	49	49	49	49
13	13	13	13	13	13	13	13	13	13
24	24	24	24	24	24	24	24	24	24
4	4	4	4	4	4	4	4	4	4
53	53	53	53	53	53	53	53	53	53
17	17	17	17	17	17	17	17	17	17
0	0	0	0	0	0	0	0	0	0
69	69	69	69	69	69	69	69	69	69
30	30	30	30	30	30	30	30	30	30
24	24	24	24	24	24	24	24	24	24
51	51	51	51	51	51	51	51	51	51
76	76	76	76	76	76	76	76	76	76
140	140	140	140	140	140	140	140	140	140
6	6	6	6	6	6	6	6	6	6
26	26	26	26	26	26	26	26	26	26
7	7	7	7	7	7	7	7	7	7
17	17	17	17	17	17	17	17	17	17
40	40	40	40	40	40	40	40	40	40
1	1	1	1	1	1	1	1	1	1
78	78	78	78	78	78	78	78	78	78
78	78	78	78	78	78	78	78	78	78
15	15	15	15	15	15	15	15	15	15
33	33	33	33	33	33	33	33	33	33
8	8	8	8	8	8	8	8	8	8
52	52	52	52	52	52	52	52	52	52
73	73	73	73	73	73	73	73	73	73
30	30	30	30	30	30	30	30	30	30
73	73	73	73	73	73	73	73	73	73
46	46	46	46	46	46	46	46	46	46
64	64	64	64	64	64	64	64	64	64
60	60	60	60	60	60	60	60	60	60
83	83	83	83	83	83	83	83	83	83
59	59	59	59	59	59	59	59	59	59
8	8	8	8	8	8	8	8	8	8
13	13	13	13	13	13	13	13	13	13
15	15	15	15	15	15	15	15	15	15
60	60	60	60	60	60	60	60	60	60
57	57	57	57	57	57	57	57	57	57
57	57	57	57	57	57	57	57	57	57
58	58	58	58	58	58	58	58	58	58
83	83	83	83	83	83	83	83	83	83
35	35	35	35	35	35	35	35	35	35
91	91	91	91	91	91	91	91	91	91
91	91	91	91	91	91	91	91	91	91
19	19	19	19	19	19	19	19	19	19
31	31	31	31	31	31	31	31	31	31
5	5	5	5	5	5	5	5	5	5
53	53	53	53	53	53	53	53	53	53
31	31	31	31	31	31	31	31	31	31
0	0	0	0	0	0	0	0	0	0
51	51	51	51	51	51	51	51	51	51
44	44	44	44	44	44	44	44	44	44
35	35	35	35	35	35	35	35	35	35
34	34	34	34	34	34	34	34	34	34
35	35	35	35	35	35	35	35	35	35
15	15	15	15	15	15	15	15	15	15
38	38	38	38	38	38	38	38	38	38
44	44	44	44	44	44	44	44	44	44
28	28	28	28	28	28	28	28	28	28
50	50	50	50	50	50	50	50	50	50
56	56	56	56	56	56	56	56	56	56
45	45	45	45	45	45	45	45	45	45
41	41	41	41	41	41	41	41	41	41
48	48	48	48	48	48	48	48	48	48
14	14	14	14	14	14	14	14	14	14
62	62	62	62	62	62	62	62	62	62
17	17	17	17	17	17	17	17	17	17
40	40	40	40	40	40	40	40	40	40
48	48	48	48	48	48	48	48	48	48
71	71	71	71	71	71	71	71	71	71
4	4	4	4	4	4	4	4	4	4
6	6	6	6	6	6	6	6	6	6
29	29	29	29	29	29	29	29	29	29
69	69	69	69	69	69	69	69	69	69
45	45	45	45	45	45	45	45	45	45
43	43	43	43	43	43	43	43	43	43
12	12	12	12	12	12	12	12	12	12
17	17	17	17	17	17	17	17	17	17
23	23	23	23	23	23	23	23	23	23
39	39	39	39	39	39	39	39	39	39
37	37	37	37	37	37	37	37	37	37
27	27	27	27	27	27	27	27	27	27
5	5	5	5	5	5	5	5	5	5
27	27	27	27	27	27	27	27	27	27
82	82	82	82	82	82	82	82	82	82
58	58	58	58	58	58	58	58	58	58
9	9	9	9	9	9	9	9	9	9
38	38	38	38	38	38	38	38	38	38
25	25	25	25	25	25	25	25	25	25
0	0	0	0	0	0	0	0	0	0
47	47	47	47	47	47	47	47	47	47
37	37	37	37	37	37	37	37	37	37
28	28	28	28	28	28	28	28	28	28
57	57	57	57	57	57	57	57	57	57
27	27	27	27	27	27	27	27	27	27
9	9	9	9	9	9	9	9	9	9
41	41	41	41	41	41	41	41	41	41
49	49	49	49	49	49	49	49	49	49
10	10	10	10	10	10	10	10	10	10
26	26	26	26	26	26	26	26	26	26
49	49	49	49	49	49	49	49	49	49
8	8	8	8	8	8	8	8	8	8
6	6	6	6	6	6	6	6	6	6
28	28	28	28	28	28	28	28	28	28
68	68	68	68	68	68	68	68	68	68
38	38	38	38	38	38	38	38	38	38
49	49	49	49	49	49	49	49	49	49
39	39	39	39	39	39	39	39	39	39
13	13	13	13	13	13	13	13	13	13
1	1	1	1	1	1	1	1	1	1
59	59	59	59	59	59	59	59	59	59
50	50	50	50	50	50	50	50	50	50
12	12	12	12	12	12	12	12	12	12
56	56	56	56	56	56	56	56	56	56
76	76	76	76	76	76	76	76	76	76
0	0	0	0	0	0	0	0	0	0
31	31	31	31	31	31	31	31	31	31
]
w:[
4.1	4.1	4.1	4.1	4.1	4.1	4.1	4.1	4.1	4.1
3.0	3.0	3.0	3.0	3.0	3.0	3.0	3.0	3.0	3.0
3.6	3.6	3.6	3.6	3.6	3.6	3.6	3.6	3.6	3.6
5.1	5.1	5.1	5.1	5.1	5.1	5.1	5.1	5.1	5.1
4.9	4.9	4.9	4.9	4.9	4.9	4.9	4.9	4.9	4.9
2.3	2.3	2.3	2.3	2.3	2.3	2.3	2.3	2.3	2.3
0.3	0.3	0.3	0.3	0.3	0.3	0.3	0.3	0.3	0.3
4.1	4.1	4.1	4.1	4.1	4.1	4.1	4.1	4.1	4.1
2.9	2.9	2.9	2.9	2.9	2.9	2.9	2.9	2.9	2.9
7.8	7.8	7.8	7.8	7.8	7.8	7.8	7.8	7.8	7.8
3.4	3.4	3.4	3.4	3.4	3.4	3.4	3.4	3.4	3.4
0.4	0.4	0.4	0.4	0.4	0.4	0.4	0.4	0.4	0.4
6.4	6.4	6.4	6.4	6.4	6.4	6.4	6.4	6.4	6.4
9.3	9.3	9.3	9.3	9.3	9.3	9.3	9.3	9.3	9.3
2.1	2.1	2.1	2.1	2.1	2.1	2.1	2.1	2.1	2.1
1.5	1.5	1.5	1.5	1.5	1.5	1.5	1.5	1.5	1.5
9.4	9.4	9.4	9.4	9.4	9.4	9.4	9.4	9.4	9.4
6.3	6.3	6.3	6.3	6.3	6.3	6.3	6.3	6.3	6.3
4.1	4.1	4.1	4.1	4.1	4.1	4.1	4.1	4.1	4.1
7.4	7.4	7.4	7.4	7.4	7.4	7.4	7.4	7.4	7.4
2.5	2.5	2.5	2.5	2.5	2.5	2.5	2.5	2.5	2.5
7.2	7.2	7.2	7.2	7.2	7.2	7.2	7.2	7.2	7.2
7.1	7.1	7.1	7.1	7.1	7.1	7.1	7.1	7.1	7.1
1.4	1.4	1.4	1.4	1.4	1.4	1.4	1.4	1.4	1.4
3.2	3.2	3.2	3.2	3.2	3.2	3.2	3.2	3.2	3.2
5.8	5.8	5.8	5.8	5.8	5.8	5.8	5.8	5.8	5.8
3.1	3.1	3.1	3.1	3.1	3.1	3.1	3.1	3.1	3.1
9.7	9.7	9.7	9.7	9.7	9.7	9.7	9.7	9.7	9.7
2.4	2.4	2.4	2.4	2.4	2.4	2.4	2.4	2.4	2.4
6.3	6.3	6.3	6.3	6.3	6.3	6.3	6.3	6.3	6.3
5.4	5.4	5.4	5.4	5.4	5.4	5.4	5.4	5.4	5.4
4.6	4.6	4.6	4.6	4.6	4.6	4.6	4.6	4.6	4.6
4.4	4.4	4.4	4.4	4.4	4.4	4.4	4.4	4.4	4.4
0.7	0.7	0.7	0.7	0.7	0.7	0.7	0.7	0.7	0.7
8.6	8.6	8.6	8.6	8.6	8.6	8.6	8.6	8.6	8.6
9.7	9.7	9.7	9.7	9.7	9.7	9.7	9.7	9.7	9.7
0.6	0.6	0.6	0.6	0.6	0.6	0.6	0.6	0.6	0.6
3.0	3.0	3.0	3.0	3.0	3.0	3.0	3.0	3.0	3.0
7.0	7.0	7.0	7.0	7.0	7.0	7.0	7.0	7.0	7.0
4.6	4.6	4.6	4.6	4.6	4.6	4.6	4.6	4.6	4.6
0.4	0.4	0.4	0.4	0.4	0.4	0.4	0.4	0.4	0.4
1.2	1.2	1.2	1.2	1.2	1.2	1.2	1.2	1.2	1.2
5.8	5.8	5.8	5.8	5.8	5.8	5.8	5.8	5.8	5.8
1.9	1.9	1.9	1.9	1.9	1.9	1.9	1.9	1.9	1.9
2.6	2.6	2.6	2.6	2.6	2.6	2.6	2.6	2.6	2.6
8.4	8.4	8.4	8.4	8.4	8.4	8.4	8.4	8.4	8.4
6.6	6.6	6.6	6.6	6.6	6.6	6.6	6.6	6.6	6.6
3.5	3.5	3.5	3.5	3.5	3.5	3.5	3.5	3.5	3.5
5.8	5.8	5.8	5.8	5.8	5.8	5.8	5.8	5.8	5.8
4.4	4.4	4.4	4.4	4.4	4.4	4.4	4.4	4.4	4.4
7.1	7.1	7.1	7.1	7.1	7.1	7.1	7.1	7.1	7.1
0.2	0.2	0.2	0.2	0.2	0.2	0.2	0.2	0.2	0.2
3.0	3.0	3.0	3.0	3.0	3.0	3.0	3.0	3.0	3.0
6.2	6.2	6.2	6.2	6.2	6.2	6.2	6.2	6.2	6.2
5.4	5.4	5.4	5.4	5.4	5.4	5.4	5.4	5.4	5.4
8.0	8.0	8.0	8.0	8.0	8.0	8.0	8.0	8.0	8.0
6.6	6.6	6.6	6.6	6.6	6.6	6.6	6.6	6.6	6.6
4.5	4.5	4.5	4.5	4.5	4.5	4.5	4.5	4.5	4.5
3.1	3.1	3.1	3.1	3.1	3.1	3.1	3.1	3.1	3.1
1.2	1.2	1.2	1.2	1.2	1.2	1.2	1.2	1.2	1.2
9.5	9.5	9.5	9.5	9.5	9.5	9.5	9.5	9.5	9.5
2.2	2.2	2.2	2.2	2.2	2.2	2.2	2.2	2.2	2.2
9.5	9.5	9.5	9.5	9.5	9.5	9.5	9.5	9.5	9.5
4.7	4.7	4.7	4.7	4.7	4.7	4.7	4.7	4.7	4.7
3.8	3.8	3.8	3.8	3.8	3.8	3.8	3.8	3.8	3.8
7.1	7.1	7.1	7.1	7.1	7.1	7.1	7.1	7.1	7.1
4.9	4.9	4.9	4.9	4.9	4.9	4.9	4.9	4.9	4.9
7.9	7.9	7.9	7.9	7.9	7.9	7.9	7.9	7.9	7.9
7.9	7.9	7.9	7.9	7.9	7.9	7.9	7.9	7.9	7.9
6.8	6.8	6.8	6.8	6.8	6.8	6.8	6.8	6.8	6.8
3.3	3.3	3.3	3.3	3.3	3.3	3.3	3.3	3.3	3.3
7.2	7.2	7.2	7.2	7.2	7.2	7.2	7.2	7.2	7.2
4.1	4.1	4.1	4.1	4.1	4.1	4.1	4.1	4.1	4.1
9.4	9.4	9.4	9.4	9.4	9.4	9.4	9.4	9.4	9.4
5.5	5.5	5.5	5.5	5.5	5.5	5.5	5.5	5.5	5.5
1.5	1.5	1.5	1.5	1.5	1.5	1.5	1.5	1.5	1.5
8.6	8.6	8.6	8.6	8.6	8.6	8.6	8.6	8.6	8.6
1.0	1.0	1.0	1.0	1.0	1.0	1.0	1.0	1.0	1.0
5.2	5.2	5.2	5.2	5.2	5.2	5.2	5.2	5.2	5.2
1.7	1.7	1.7	1.7	1.7	1.7	1.7	1.7	1.7	1.7
4.5	4.5	4.5	4.5	4.5	4.5	4.5	4.5	4.5	4.5
9.0	9.0	9.0	9.0	9.0	9.0	9.0	9.0	9.0	9.0
2.6	2.6	2.6	2.6	2.6	2.6	2.6	2.6	2.6	2.6
4.4	4.4	4.4	4.4	4.4	4.4	4.4	4.4	4.4	4.4
0.5	0.5	0.5	0.5	0.5	0.5	0.5	0.5	0.5	0.5
1.9	1.9	1.9	1.9	1.9	1.9	1.9	1.9	1.9	1.9
1.3	1.3	1.3	1.3	1.3	1.3	1.3	1.3	1.3	1.3
3.8	3.8	3.8	3.8	3.8	3.8	3.8	3.8	3.8	3.8
3.2	3.2	3.2	3.2	3.2	3.2	3.2	3.2	3.2	3.2
6.3	6.3	6.3	6.3	6.3	6.3	6.3	6.3	6.3	6.3
2.3	2.3	2.3	2.3	2.3	2.3	2.3	2.3	2.3	2.3
0.4	0.4	0.4	0.4	0.4	0.4	0.4	0.4	0.4	0.4
1.0	1.0	1.0	1.0	1.0	1.0	1.0	1.0	1.0	1.0
6.8	6.8	6.8	6.8	6.8	6.8	6.8	6.8	6.8	6.8
4.3	4.3	4.3	4.3	4.3	4.3	4.3	4.3	4.3	4.3
5.4	5.4	5.4	5.4	5.4	5.4	5.4	5.4	5.4	5.4
3.0	3.0	3.0	3.0	3.0	3.0	3.0	3.0	3.0	3.0
0.3	0.3	0.3	0.3	0.3	0.3	0.3	0.3	0.3	0.3
6.3	6.3	6.3	6.3	6.3	6.3	6.3	6.3	6.3	6.3
0.8	0.8	0.8	0.8	0.8	0.8	0.8	0.8	0.8	0.8
9.3	9.3	9.3	9.3	9.3	9.3	9.3	9.3	9.3	9.3
6.6	6.6	6.6	6.6	6.6	6.6	6.6	6.6	6.6	6.6
8.4	8.4	8.4	8.4	8.4	8.4	8.4	8.4	8.4	8.4
6.7	6.7	6.7	6.7	6.7	6.7	6.7	6.7	6.7	6.7
2.8	2.8	2.8	2.8	2.8	2.8	2.8	2.8	2.8	2.8
9.5	9.5	9.5	9.5	9.5	9.5	9.5	9.5	9.5	9.5
6.6	6.6	6.6	6.6	6.6	6.6	6.6	6.6	6.6	6.6
7.0	7.0	7.0	7.0	7.0	7.0	7.0	7.0	7.0	7.0
9.8	9.8	9.8	9.8	9.8	9.8	9.8	9.8	9.8	9.8
1.5	1.5	1.5	1.5	1.5	1.5	1.5	1.5	1.5	1.5
4.6	4.6	4.6	4.6	4.6	4.6	4.6	4.6	4.6	4.6
9.8	9.8	9.8	9.8	9.8	9.8	9.8	9.8	9.8	9.8
6.9	6.9	6.9	6.9	6.9	6.9	6.9	6.9	6.9	6.9
7.5	7.5	7.5	7.5	7.5	7.5	7.5	7.5	7.5	7.5
2.3	2.3	2.3	2.3	2.3	2.3	2.3	2.3	2.3	2.3
3.7	3.7	3.7	3.7	3.7	3.7	3.7	3.7	3.7	3.7
8.5	8.5	8.5	8.5	8.5	8.5	8.5	8.5	8.5	8.5
1.6	1.6	1.6	1.6	1.6	1.6	1.6	1.6	1.6	1.6
2.3	2.3	2.3	2.3	2.3	2.3	2.3	2.3	2.3	2.3
1.5	1.5	1.5	1.5	1.5	1.5	1.5	1.5	1.5	1.5
1.3	1.3	1.3	1.3	1.3	1.3	1.3	1.3	1.3	1.3
5.2	5.2	5.2	5.2	5.2	5.2	5.2	5.2	5.2	5.2
7.0	7.0	7.0	7.0	7.0	7.0	7.0	7.0	7.0	7.0
4.4	4.4	4.4	4.4	4.4	4.4	4.4	4.4	4.4	4.4
5.4	5.4	5.4	5.4	5.4	5.4	5.4	5.4	5.4	5.4
1.2	1.2	1.2	1.2	1.2	1.2	1.2	1.2	1.2	1.2
2.8	2.8	2.8	2.8	2.8	2.8	2.8	2.8	2.8	2.8
4.7	4.7	4.7	4.7	4.7	4.7	4.7	4.7	4.7	4.7
1.9	1.9	1.9	1.9	1.9	1.9	1.9	1.9	1.9	1.9
5.1	5.1	5.1	5.1	5.1	5.1	5.1	5.1	5.1	5.1
8.9	8.9	8.9	8.9	8.9	8.9	8.9	8.9	8.9	8.9
5.5	5.5	5.5	5.5	5.5	5.5	5.5	5.5	5.5	5.5
1.3	1.3	1.3	1.3	1.3	1.3	1.3	1.3	1.3	1.3
6.9	6.9	6.9	6.9	6.9	6.9	6.9	6.9	6.9	6.9
7.4	7.4	7.4	7.4	7.4	7.4	7.4	7.4	7.4	7.4
6.3	6.3	6.3	6.3	6.3	6.3	6.3	6.3	6.3	6.3
7.7	7.7	7.7	7.7	7.7	7.7	7.7	7.7	7.7	7.7
8.6	8.6	8.6	8.6	8.6	8.6	8.6	8.6	8.6	8.6
2.9	2.9	2.9	2.9	2.9	2.9	2.9	2.9	2.9	2.9
9.9	9.9	9.9	9.9	9.9	9.9	9.9	9.9	9.9	9.9
5.6	5.6	5.6	5.6	5.6	5.6	5.6	5.6	5.6	5.6
6.5	6.5	6.5	6.5	6.5	6.5	6.5	6.5	6.5	6.5
0.8	0.8	0.8	0.8	0.8	0.8	0.8	0.8	0.8	0.8
4.0	4.0	4.0	4.0	4.0	4.0	4.0	4.0	4.0	4.0
9.6	9.6	9.6	9.6	9.6	9.6	9.6	9.6	9.6	9.6
2.9	2.9	2.9	2.9	2.9	2.9	2.9	2.9	2.9	2.9
6.9	6.9	6.9	6.9	6.9	6.9	6.9	6.9	6.9	6.9
5.7	5.7	5.7	5.7	5.7	5.7	5.7	5.7	5.7	5.7
4.8	4.8	4.8	4.8	4.8	4.8	4.8	4.8	4.8	4.8
6.2	6.2	6.2	6.2	6.2	6.2	6.2	6.2	6.2	6.2
]
