N_MACHINES:10	N_JOBS:150	CHARGING_TIME:60	INITIAL_CHARGE:10
D:[
23	23	23	23	23	23	23	23	23	23
85	85	85	85	85	85	85	85	85	85
34	34	34	34	34	34	34	34	34	34
87	87	87	87	87	87	87	87	87	87
7	7	7	7	7	7	7	7	7	7
1	1	1	1	1	1	1	1	1	1
40	40	40	40	40	40	40	40	40	40
57	57	57	57	57	57	57	57	57	57
54	54	54	54	54	54	54	54	54	54
19	19	19	19	19	19	19	19	19	19
30	30	30	30	30	30	30	30	30	30
22	22	22	22	22	22	22	22	22	22
24	24	24	24	24	24	24	24	24	24
0	0	0	0	0	0	0	0	0	0
22	22	22	22	22	22	22	22	22	22
27	27	27	27	27	27	27	27	27	27
6	6	6	6	6	6	6	6	6	6
21	21	21	21	21	21	21	21	21	21
50	50	50	50	50	50	50	50	50	50
35	35	35	35	35	35	35	35	35	35
26	26	26	26	26	26	26	26	26	26
5	5	5	5	5	5	5	5	5	5
77	77	77	77	77	77	77	77	77	77
19	19	19	19	19	19	19	19	19	19
33	33	33	33	33	33	33	33	33	33
52	52	52	52	52	52	52	52	52	52
28	28	28	28	28	28	28	28	28	28
40	40	40	40	40	40	40	40	40	40
3	3	3	3	3	3	3	3	3	3
56	56	56	56	56	56	56	56	56	56
18	18	18	18	18	18	18	18	18	18
15	15	15	15	15	15	15	15	15	15
13	13	13	13	13	13	13	13	13	13
43	43	43	43	43	43	43	43	43	43
64	64	64	64	64	64	64	64	64	64
17	17	17	17	17	17	17	17	17	17
46	46	46	46	46	46	46	46	46	46
53	53	53	53	53	53	53	53	53	53
22	22	22	22	22	22	22	22	22	22
21	21	21	21	21	21	21	21	21	21
14	14	14	14	14	14	14	14	14	14
6	6	6	6	6	6	6	6	6	6
22	22	22	22	22	22	22	22	22	22
27	27	27	27	27	27	27	27	27	27
39	39	39	39	39	39	39	39	39	39
47	47	47	47	47	47	47	47	47	47
49	49	49	49	49	49	49	49	49	49
6	6	6	6	6	6	6	6	6	6
62	62	62	62	62	62	62	62	62	62
38	38	38	38	38	38	38	38	38	38
11	11	11	11	11	11	11	11	11	11
19	19	19	19	19	19	19	19	19	19
13	13	13	13	13	13	13	13	13	13
18	18	18	18	18	18	18	18	18	18
55	55	55	55	55	55	55	55	55	55
77	77	77	77	77	77	77	77	77	77
24	24	24	24	24	24	24	24	24	24
5	5	5	5	5	5	5	5	5	5
104	104	104	104	104	104	104	104	104	104
11	11	11	11	11	11	11	11	11	11
13	13	13	13	13	13	13	13	13	13
50	50	50	50	50	50	50	50	50	50
60	60	60	60	60	60	60	60	60	60
8	8	8	8	8	8	8	8	8	8
14	14	14	14	14	14	14	14	14	14
6	6	6	6	6	6	6	6	6	6
50	50	50	50	50	50	50	50	50	50
7	7	7	7	7	7	7	7	7	7
52	52	52	52	52	52	52	52	52	52
41	41	41	41	41	41	41	41	41	41
13	13	13	13	13	13	13	13	13	13
22	22	22	22	22	22	22	22	22	22
36	36	36	36	36	36	36	36	36	36
41	41	41	41	41	41	41	41	41	41
21	21	21	21	21	21	21	21	21	21
28	28	28	28	28	28	28	28	28	28
47	47	47	47	47	47	47	47	47	47
79	79	79	79	79	79	79	79	79	79
56	56	56	56	56	56	56	56	56	56
2	2	2	2	2	2	2	2	2	2
110	110	110	110	110	110	110	110	110	110
22	22	22	22	22	22	22	22	22	22
59	59	59	59	59	59	59	59	59	59
44	44	44	44	44	44	44	44	44	44
40	40	40	40	40	40	40	40	40	40
25	25	25	25	25	25	25	25	25	25
51	51	51	51	51	51	51	51	51	51
51	51	51	51	51	51	51	51	51	51
58	58	58	58	58	58	58	58	58	58
17	17	17	17	17	17	17	17	17	17
39	39	39	39	39	39	39	39	39	39
66	66	66	66	66	66	66	66	66	66
29	29	29	29	29	29	29	29	29	29
47	47	47	47	47	47	47	47	47	47
8	8	8	8	8	8	8	8	8	8
11	11	11	11	11	11	11	11	11	11
50	50	50	50	50	50	50	50	50	50
37	37	37	37	37	37	37	37	37	37
53	53	53	53	53	53	53	53	53	53
22	22	22	22	22	22	22	22	22	22
18	18	18	18	18	18	18	18	18	18
6	6	6	6	6	6	6	6	6	6
22	22	22	22	22	22	22	22	22	22
79	79	79	79	79	79	79	79	79	79
49	49	49	49	49	49	49	49	49	49
67	67	67	67	67	67	67	67	67	67
11	11	11	11	11	11	11	11	11	11
40	40	40	40	40	40	40	40	40	40
16	16	16	16	16	16	16	16	16	16
85	85	85	85	85	85	85	85	85	85
56	56	56	56	56	56	56	56	56	56
73	73	73	73	73	73	73	73	73	73
72	72	72	72	72	72	72	72	72	72
90	90	90	90	90	90	90	90	90	90
57	57	57	57	57	57	57	57	57	57
60	60	60	60	60	60	60	60	60	60
65	65	65	65	65	65	65	65	65	65
0	0	0	0	0	0	0	0	0	0
39	39	39	39	39	39	39	39	39	39
80	80	80	80	80	80	80	80	80	80
27	27	27	27	27	27	27	27	27	27
8	8	8	8	8	8	8	8	8	8
29	29	29	29	29	29	29	29	29	29
31	31	31	31	31	31	31	31	31	31
7	7	7	7	7	7	7	7	7	7
23	23	23	23	23	23	23	23	23	23
86	86	86	86	86	86	86	86	86	86
92	92	92	92	92	92	92	92	92	92
24	24	24	24	24	24	24	24	24	24
48	48	48	48	48	48	48	48	48	48
27	27	27	27	27	27	27	27	27	27
8	8	8	8	8	8	8	8	8	8
56	56	56	56	56	56	56	56	56	56
11	11	11	11	11	11	11	11	11	11
67	67	67	67	67	67	67	67	67	67
56	56	56	56	56	56	56	56	56	56
24	24	24	24	24	24	24	24	24	24
62	62	62	62	62	62	62	62	62	62
52	52	52	52	52	52	52	52	52	52
8	8	8	8	8	8	8	8	8	8
39	39	39	39	39	39	39	39	39	39
67	67	67	67	67	67	67	67	67	67
34	34	34	34	34	34	34	34	34	34
61	61	61	61	61	61	61	61	61	61
25	25	25	25	25	25	25	25	25	25
65	65	65	65	65	65	65	65	65	65
69	69	69	69	69	69	69	69	69	69
39	39	39	39	39	39	39	39	39	39
19	19	19	19	19	19	19	19	19	19
74	74	74	74	74	74	74	74	74	74
]
w:[
6.8	6.8	6.8	6.8	6.8	6.8	6.8	6.8	6.8	6.8
8.5	8.5	8.5	8.5	8.5	8.5	8.5	8.5	8.5	8.5
1.1	1.1	1.1	1.1	1.1	1.1	1.1	1.1	1.1	1.1
4.8	4.8	4.8	4.8	4.8	4.8	4.8	4.8	4.8	4.8
3.7	3.7	3.7	3.7	3.7	3.7	3.7	3.7	3.7	3.7
2.1	2.1	2.1	2.1	2.1	2.1	2.1	2.1	2.1	2.1
1.6	1.6	1.6	1.6	1.6	1.6	1.6	1.6	1.6	1.6
6.2	6.2	6.2	6.2	6.2	6.2	6.2	6.2	6.2	6.2
4.7	4.7	4.7	4.7	4.7	4.7	4.7	4.7	4.7	4.7
9.8	9.8	9.8	9.8	9.8	9.8	9.8	9.8	9.8	9.8
4.6	4.6	4.6	4.6	4.6	4.6	4.6	4.6	4.6	4.6
1.3	1.3	1.3	1.3	1.3	1.3	1.3	1.3	1.3	1.3
5.4	5.4	5.4	5.4	5.4	5.4	5.4	5.4	5.4	5.4
6.3	6.3	6.3	6.3	6.3	6.3	6.3	6.3	6.3	6.3
1.2	1.2	1.2	1.2	1.2	1.2	1.2	1.2	1.2	1.2
8.0	8.0	8.0	8.0	8.0	8.0	8.0	8.0	8.0	8.0
7.3	7.3	7.3	7.3	7.3	7.3	7.3	7.3	7.3	7.3
1.2	1.2	1.2	1.2	1.2	1.2	1.2	1.2	1.2	1.2
4.7	4.7	4.7	4.7	4.7	4.7	4.7	4.7	4.7	4.7
9.3	9.3	9.3	9.3	9.3	9.3	9.3	9.3	9.3	9.3
8.0	8.0	8.0	8.0	8.0	8.0	8.0	8.0	8.0	8.0
0.8	0.8	0.8	0.8	0.8	0.8	0.8	0.8	0.8	0.8
4.8	4.8	4.8	4.8	4.8	4.8	4.8	4.8	4.8	4.8
2.6	2.6	2.6	2.6	2.6	2.6	2.6	2.6	2.6	2.6
8.9	8.9	8.9	8.9	8.9	8.9	8.9	8.9	8.9	8.9
2.5	2.5	2.5	2.5	2.5	2.5	2.5	2.5	2.5	2.5
4.2	4.2	4.2	4.2	4.2	4.2	4.2	4.2	4.2	4.2
6.6	6.6	6.6	6.6	6.6	6.6	6.6	6.6	6.6	6.6
5.7	5.7	5.7	5.7	5.7	5.7	5.7	5.7	5.7	5.7
0.9	0.9	0.9	0.9	0.9	0.9	0.9	0.9	0.9	0.9
5.1	5.1	5.1	5.1	5.1	5.1	5.1	5.1	5.1	5.1
4.1	4.1	4.1	4.1	4.1	4.1	4.1	4.1	4.1	4.1
1.5	1.5	1.5	1.5	1.5	1.5	1.5	1.5	1.5	1.5
2.8	2.8	2.8	2.8	2.8	2.8	2.8	2.8	2.8	2.8
0.5	0.5	0.5	0.5	0.5	0.5	0.5	0.5	0.5	0.5
6.2	6.2	6.2	6.2	6.2	6.2	6.2	6.2	6.2	6.2
0.6	0.6	0.6	0.6	0.6	0.6	0.6	0.6	0.6	0.6
6.1	6.1	6.1	6.1	6.1	6.1	6.1	6.1	6.1	6.1
6.7	6.7	6.7	6.7	6.7	6.7	6.7	6.7	6.7	6.7
1.9	1.9	1.9	1.9	1.9	1.9	1.9	1.9	1.9	1.9
6.6	6.6	6.6	6.6	6.6	6.6	6.6	6.6	6.6	6.6
1.0	1.0	1.0	1.0	1.0	1.0	1.0	1.0	1.0	1.0
1.7	1.7	1.7	1.7	1.7	1.7	1.7	1.7	1.7	1.7
3.7	3.7	3.7	3.7	3.7	3.7	3.7	3.7	3.7	3.7
7.3	7.3	7.3	7.3	7.3	7.3	7.3	7.3	7.3	7.3
9.9	9.9	9.9	9.9	9.9	9.9	9.9	9.9	9.9	9.9
0.5	0.5	0.5	0.5	0.5	0.5	0.5	0.5	0.5	0.5
2.0	2.0	2.0	2.0	2.0	2.0	2.0	2.0	2.0	2.0
9.2	9.2	9.2	9.2	9.2	9.2	9.2	9.2	9.2	9.2
4.3	4.3	4.3	4.3	4.3	4.3	4.3	4.3	4.3	4.3
2.3	2.3	2.3	2.3	2.3	2.3	2.3	2.3	2.3	2.3
4.4	4.4	4.4	4.4	4.4	4.4	4.4	4.4	4.4	4.4
2.1	2.1	2.1	2.1	2.1	2.1	2.1	2.1	2.1	2.1
1.3	1.3	1.3	1.3	1.3	1.3	1.3	1.3	1.3	1.3
5.7	5.7	5.7	5.7	5.7	5.7	5.7	5.7	5.7	5.7
9.7	9.7	9.7	9.7	9.7	9.7	9.7	9.7	9.7	9.7
9.1	9.1	9.1	9.1	9.1	9.1	9.1	9.1	9.1	9.1
2.9	2.9	2.9	2.9	2.9	2.9	2.9	2.9	2.9	2.9
9.0	9.0	9.0	9.0	9.0	9.0	9.0	9.0	9.0	9.0
4.0	4.0	4.0	4.0	4.0	4.0	4.0	4.0	4.0	4.0
6.2	6.2	6.2	6.2	6.2	6.2	6.2	6.2	6.2	6.2
1.8	1.8	1.8	1.8	1.8	1.8	1.8	1.8	1.8	1.8
2.7	2.7	2.7	2.7	2.7	2.7	2.7	2.7	2.7	2.7
2.0	2.0	2.0	2.0	2.0	2.0	2.0	2.0	2.0	2.0
1.6	1.6	1.6	1.6	1.6	1.6	1.6	1.6	1.6	1.6
5.7	5.7	5.7	5.7	5.7	5.7	5.7	5.7	5.7	5.7
6.8	6.8	6.8	6.8	6.8	6.8	6.8	6.8	6.8	6.8
7.9	7.9	7.9	7.9	7.9	7.9	7.9	7.9	7.9	7.9
8.3	8.3	8.3	8.3	8.3	8.3	8.3	8.3	8.3	8.3
0.1	0.1	0.1	0.1	0.1	0.1	0.1	0.1	0.1	0.1
2.0	2.0	2.0	2.0	2.0	2.0	2.0	2.0	2.0	2.0
0.6	0.6	0.6	0.6	0.6	0.6	0.6	0.6	0.6	0.6
8.7	8.7	8.7	8.7	8.7	8.7	8.7	8.7	8.7	8.7
1.3	1.3	1.3	1.3	1.3	1.3	1.3	1.3	1.3	1.3
4.3	4.3	4.3	4.3	4.3	4.3	4.3	4.3	4.3	4.3
4.0	4.0	4.0	4.0	4.0	4.0	4.0	4.0	4.0	4.0
6.0	6.0	6.0	6.0	6.0	6.0	6.0	6.0	6.0	6.0
0.3	0.3	0.3	0.3	0.3	0.3	0.3	0.3	0.3	0.3
9.9	9.9	9.9	9.9	9.9	9.9	9.9	9.9	9.9	9.9
2.1	2.1	2.1	2.1	2.1	2.1	2.1	2.1	2.1	2.1
9.2	9.2	9.2	9.2	9.2	9.2	9.2	9.2	9.2	9.2
2.4	2.4	2.4	2.4	2.4	2.4	2.4	2.4	2.4	2.4
1.6	1.6	1.6	1.6	1.6	1.6	1.6	1.6	1.6	1.6
8.7	8.7	8.7	8.7	8.7	8.7	8.7	8.7	8.7	8.7
6.4	6.4	6.4	6.4	6.4	6.4	6.4	6.4	6.4	6.4
7.3	7.3	7.3	7.3	7.3	7.3	7.3	7.3	7.3	7.3
7.4	7.4	7.4	7.4	7.4	7.4	7.4	7.4	7.4	7.4
6.2	6.2	6.2	6.2	6.2	6.2	6.2	6.2	6.2	6.2
5.7	5.7	5.7	5.7	5.7	5.7	5.7	5.7	5.7	5.7
4.0	4.0	4.0	4.0	4.0	4.0	4.0	4.0	4.0	4.0
7.7	7.7	7.7	7.7	7.7	7.7	7.7	7.7	7.7	7.7
5.3	5.3	5.3	5.3	5.3	5.3	5.3	5.3	5.3	5.3
4.4	4.4	4.4	4.4	4.4	4.4	4.4	4.4	4.4	4.4
5.3	5.3	5.3	5.3	5.3	5.3	5.3	5.3	5.3	5.3
5.9	5.9	5.9	5.9	5.9	5.9	5.9	5.9	5.9	5.9
7.9	7.9	7.9	7.9	7.9	7.9	7.9	7.9	7.9	7.9
5.8	5.8	5.8	5.8	5.8	5.8	5.8	5.8	5.8	5.8
6.2	6.2	6.2	6.2	6.2	6.2	6.2	6.2	6.2	6.2
7.2	7.2	7.2	7.2	7.2	7.2	7.2	7.2	7.2	7.2
8.0	8.0	8.0	8.0	8.0	8.0	8.0	8.0	8.0	8.0
7.4	7.4	7.4	7.4	7.4	7.4	7.4	7.4	7.4	7.4
5.8	5.8	5.8	5.8	5.8	5.8	5.8	5.8	5.8	5.8
3.5	3.5	3.5	3.5	3.5	3.5	3.5	3.5	3.5	3.5
0.9	0.9	0.9	0.9	0.9	0.9	0.9	0.9	0.9	0.9
4.5	4.5	4.5	4.5	4.5	4.5	4.5	4.5	4.5	4.5
3.0	3.0	3.0	3.0	3.0	3.0	3.0	3.0	3.0	3.0
2.0	2.0	2.0	2.0	2.0	2.0	2.0	2.0	2.0	2.0
5.8	5.8	5.8	5.8	5.8	5.8	5.8	5.8	5.8	5.8
1.9	1.9	1.9	1.9	1.9	1.9	1.9	1.9	1.9	1.9
5.8	5.8	5.8	5.8	5.8	5.8	5.8	5.8	5.8	5.8
7.2	7.2	7.2	7.2	7.2	7.2	7.2	7.2	7.2	7.2
2.1	2.1	2.1	2.1	2.1	2.1	2.1	2.1	2.1	2.1
5.6	5.6	5.6	5.6	5.6	5.6	5.6	5.6	5.6	5.6
1.0	1.0	1.0	1.0	1.0	1.0	1.0	1.0	1.0	1.0
0.5	0.5	0.5	0.5	0.5	0.5	0.5	0.5	0.5	0.5
5.4	5.4	5.4	5.4	5.4	5.4	5.4	5.4	5.4	5.4
2.6	2.6	2.6	2.6	2.6	2.6	2.6	2.6	2.6	2.6
7.8	7.8	7.8	7.8	7.8	7.8	7.8	7.8	7.8	7.8
2.0	2.0	2.0	2.0	2.0	2.0	2.0	2.0	2.0	2.0
4.2	4.2	4.2	4.2	4.2	4.2	4.2	4.2	4.2	4.2
0.9	0.9	0.9	0.9	0.9	0.9	0.9	0.9	0.9	0.9
1.7	1.7	1.7	1.7	1.7	1.7	1.7	1.7	1.7	1.7
5.9	5.9	5.9	5.9	5.9	5.9	5.9	5.9	5.9	5.9
0.5	0.5	0.5	0.5	0.5	0.5	0.5	0.5	0.5	0.5
8.3	8.3	8.3	8.3	8.3	8.3	8.3	8.3	8.3	8.3
6.1	6.1	6.1	6.1	6.1	6.1	6.1	6.1	6.1	6.1
2.9	2.9	2.9	2.9	2.9	2.9	2.9	2.9	2.9	2.9
4.0	4.0	4.0	4.0	4.0	4.0	4.0	4.0	4.0	4.0
1.7	1.7	1.7	1.7	1.7	1.7	1.7	1.7	1.7	1.7
0.3	0.3	0.3	0.3	0.3	0.3	0.3	0.3	0.3	0.3
6.4	6.4	6.4	6.4	6.4	6.4	6.4	6.4	6.4	6.4
2.3	2.3	2.3	2.3	2.3	2.3	2.3	2.3	2.3	2.3
0.3	0.3	0.3	0.3	0.3	0.3	0.3	0.3	0.3	0.3
9.6	9.6	9.6	9.6	9.6	9.6	9.6	9.6	9.6	9.6
5.2	5.2	5.2	5.2	5.2	5.2	5.2	5.2	5.2	5.2
2.4	2.4	2.4	2.4	2.4	2.4	2.4	2.4	2.4	2.4
2.3	2.3	2.3	2.3	2.3	2.3	2.3	2.3	2.3	2.3
8.6	8.6	8.6	8.6	8.6	8.6	8.6	8.6	8.6	8.6
8.9	8.9	8.9	8.9	8.9	8.9	8.9	8.9	8.9	8.9
5.1	5.1	5.1	5.1	5.1	5.1	5.1	5.1	5.1	5.1
3.8	3.8	3.8	3.8	3.8	3.8	3.8	3.8	3.8	3.8
2.0	2.0	2.0	2.0	2.0	2.0	2.0	2.0	2.0	2.0
1.6	1.6	1.6	1.6	1.6	1.6	1.6	1.6	1.6	1.6
4.0	4.0	4.0	4.0	4.0	4.0	4.0	4.0	4.0	4.0
5.3	5.3	5.3	5.3	5.3	5.3	5.3	5.3	5.3	5.3
8.7	8.7	8.7	8.7	8.7	8.7	8.7	8.7	8.7	8.7
9.1	9.1	9.1	9.1	9.1	9.1	9.1	9.1	9.1	9.1
0.9	0.9	0.9	0.9	0.9	0.9	0.9	0.9	0.9	0.9
5.4	5.4	5.4	5.4	5.4	5.4	5.4	5.4	5.4	5.4
3.7	3.7	3.7	3.7	3.7	3.7	3.7	3.7	3.7	3.7
]
