N_MACHINES:10	N_JOBS:100	CHARGING_TIME:60	INITIAL_CHARGE:10
D:[
36	36	36	36	36	36	36	36	36	36
55	55	55	55	55	55	55	55	55	55
10	10	10	10	10	10	10	10	10	10
48	48	48	48	48	48	48	48	48	48
34	34	34	34	34	34	34	34	34	34
42	42	42	42	42	42	42	42	42	42
9	9	9	9	9	9	9	9	9	9
73	73	73	73	73	73	73	73	73	73
6	6	6	6	6	6	6	6	6	6
49	49	49	49	49	49	49	49	49	49
8	8	8	8	8	8	8	8	8	8
1	1	1	1	1	1	1	1	1	1
53	53	53	53	53	53	53	53	53	53
13	13	13	13	13	13	13	13	13	13
46	46	46	46	46	46	46	46	46	46
39	39	39	39	39	39	39	39	39	39
112	112	112	112	112	112	112	112	112	112
3	3	3	3	3	3	3	3	3	3
41	41	41	41	41	41	41	41	41	41
8	8	8	8	8	8	8	8	8	8
36	36	36	36	36	36	36	36	36	36
49	49	49	49	49	49	49	49	49	49
40	40	40	40	40	40	40	40	40	40
59	59	59	59	59	59	59	59	59	59
51	51	51	51	51	51	51	51	51	51
1	1	1	1	1	1	1	1	1	1
7	7	7	7	7	7	7	7	7	7
21	21	21	21	21	21	21	21	21	21
4	4	4	4	4	4	4	4	4	4
52	52	52	52	52	52	52	52	52	52
42	42	42	42	42	42	42	42	42	42
24	24	24	24	24	24	24	24	24	24
19	19	19	19	19	19	19	19	19	19
39	39	39	39	39	39	39	39	39	39
58	58	58	58	58	58	58	58	58	58
51	51	51	51	51	51	51	51	51	51
60	60	60	60	60	60	60	60	60	60
72	72	72	72	72	72	72	72	72	72
37	37	37	37	37	37	37	37	37	37
22	22	22	22	22	22	22	22	22	22
46	46	46	46	46	46	46	46	46	46
34	34	34	34	34	34	34	34	34	34
79	79	79	79	79	79	79	79	79	79
1	1	1	1	1	1	1	1	1	1
31	31	31	31	31	31	31	31	31	31
75	75	75	75	75	75	75	75	75	75
61	61	61	61	61	61	61	61	61	61
57	57	57	57	57	57	57	57	57	57
32	32	32	32	32	32	32	32	32	32
22	22	22	22	22	22	22	22	22	22
53	53	53	53	53	53	53	53	53	53
17	17	17	17	17	17	17	17	17	17
12	12	12	12	12	12	12	12	12	12
56	56	56	56	56	56	56	56	56	56
23	23	23	23	23	23	23	23	23	23
13	13	13	13	13	13	13	13	13	13
31	31	31	31	31	31	31	31	31	31
16	16	16	16	16	16	16	16	16	16
18	18	18	18	18	18	18	18	18	18
38	38	38	38	38	38	38	38	38	38
39	39	39	39	39	39	39	39	39	39
17	17	17	17	17	17	17	17	17	17
33	33	33	33	33	33	33	33	33	33
82	82	82	82	82	82	82	82	82	82
57	57	57	57	57	57	57	57	57	57
35	35	35	35	35	35	35	35	35	35
32	32	32	32	32	32	32	32	32	32
102	102	102	102	102	102	102	102	102	102
33	33	33	33	33	33	33	33	33	33
65	65	65	65	65	65	65	65	65	65
21	21	21	21	21	21	21	21	21	21
48	48	48	48	48	48	48	48	48	48
51	51	51	51	51	51	51	51	51	51
25	25	25	25	25	25	25	25	25	25
7	7	7	7	7	7	7	7	7	7
74	74	74	74	74	74	74	74	74	74
78	78	78	78	78	78	78	78	78	78
30	30	30	30	30	30	30	30	30	30
11	11	11	11	11	11	11	11	11	11
22	22	22	22	22	22	22	22	22	22
36	36	36	36	36	36	36	36	36	36
48	48	48	48	48	48	48	48	48	48
68	68	68	68	68	68	68	68	68	68
55	55	55	55	55	55	55	55	55	55
40	40	40	40	40	40	40	40	40	40
58	58	58	58	58	58	58	58	58	58
91	91	91	91	91	91	91	91	91	91
55	55	55	55	55	55	55	55	55	55
6	6	6	6	6	6	6	6	6	6
33	33	33	33	33	33	33	33	33	33
16	16	16	16	16	16	16	16	16	16
41	41	41	41	41	41	41	41	41	41
50	50	50	50	50	50	50	50	50	50
93	93	93	93	93	93	93	93	93	93
26	26	26	26	26	26	26	26	26	26
26	26	26	26	26	26	26	26	26	26
62	62	62	62	62	62	62	62	62	62
52	52	52	52	52	52	52	52	52	52
22	22	22	22	22	22	22	22	22	22
81	81	81	81	81	81	81	81	81	81
]
w:[
0.4	0.4	0.4	0.4	0.4	0.4	0.4	0.4	0.4	0.4
1.0	1.0	1.0	1.0	1.0	1.0	1.0	1.0	1.0	1.0
1.1	1.1	1.1	1.1	1.1	1.1	1.1	1.1	1.1	1.1
0.6	0.6	0.6	0.6	0.6	0.6	0.6	0.6	0.6	0.6
2.3	2.3	2.3	2.3	2.3	2.3	2.3	2.3	2.3	2.3
0.2	0.2	0.2	0.2	0.2	0.2	0.2	0.2	0.2	0.2
1.0	1.0	1.0	1.0	1.0	1.0	1.0	1.0	1.0	1.0
2.1	2.1	2.1	2.1	2.1	2.1	2.1	2.1	2.1	2.1
2.1	2.1	2.1	2.1	2.1	2.1	2.1	2.1	2.1	2.1
1.4	1.4	1.4	1.4	1.4	1.4	1.4	1.4	1.4	1.4
1.3	1.3	1.3	1.3	1.3	1.3	1.3	1.3	1.3	1.3
0.7	0.7	0.7	0.7	0.7	0.7	0.7	0.7	0.7	0.7
1.5	1.5	1.5	1.5	1.5	1.5	1.5	1.5	1.5	1.5
1.9	1.9	1.9	1.9	1.9	1.9	1.9	1.9	1.9	1.9
2.5	2.5	2.5	2.5	2.5	2.5	2.5	2.5	2.5	2.5
1.2	1.2	1.2	1.2	1.2	1.2	1.2	1.2	1.2	1.2
2.7	2.7	2.7	2.7	2.7	2.7	2.7	2.7	2.7	2.7
1.2	1.2	1.2	1.2	1.2	1.2	1.2	1.2	1.2	1.2
2.1	2.1	2.1	2.1	2.1	2.1	2.1	2.1	2.1	2.1
1.2	1.2	1.2	1.2	1.2	1.2	1.2	1.2	1.2	1.2
2.0	2.0	2.0	2.0	2.0	2.0	2.0	2.0	2.0	2.0
2.9	2.9	2.9	2.9	2.9	2.9	2.9	2.9	2.9	2.9
1.5	1.5	1.5	1.5	1.5	1.5	1.5	1.5	1.5	1.5
0.9	0.9	0.9	0.9	0.9	0.9	0.9	0.9	0.9	0.9
0.3	0.3	0.3	0.3	0.3	0.3	0.3	0.3	0.3	0.3
1.1	1.1	1.1	1.1	1.1	1.1	1.1	1.1	1.1	1.1
1.9	1.9	1.9	1.9	1.9	1.9	1.9	1.9	1.9	1.9
2.9	2.9	2.9	2.9	2.9	2.9	2.9	2.9	2.9	2.9
1.8	1.8	1.8	1.8	1.8	1.8	1.8	1.8	1.8	1.8
0.6	0.6	0.6	0.6	0.6	0.6	0.6	0.6	0.6	0.6
1.5	1.5	1.5	1.5	1.5	1.5	1.5	1.5	1.5	1.5
2.3	2.3	2.3	2.3	2.3	2.3	2.3	2.3	2.3	2.3
1.0	1.0	1.0	1.0	1.0	1.0	1.0	1.0	1.0	1.0
0.2	0.2	0.2	0.2	0.2	0.2	0.2	0.2	0.2	0.2
1.3	1.3	1.3	1.3	1.3	1.3	1.3	1.3	1.3	1.3
1.3	1.3	1.3	1.3	1.3	1.3	1.3	1.3	1.3	1.3
0.3	0.3	0.3	0.3	0.3	0.3	0.3	0.3	0.3	0.3
3.1	3.1	3.1	3.1	3.1	3.1	3.1	3.1	3.1	3.1
1.4	1.4	1.4	1.4	1.4	1.4	1.4	1.4	1.4	1.4
0.9	0.9	0.9	0.9	0.9	0.9	0.9	0.9	0.9	0.9
1.0	1.0	1.0	1.0	1.0	1.0	1.0	1.0	1.0	1.0
0.4	0.4	0.4	0.4	0.4	0.4	0.4	0.4	0.4	0.4
1.6	1.6	1.6	1.6	1.6	1.6	1.6	1.6	1.6	1.6
1.1	1.1	1.1	1.1	1.1	1.1	1.1	1.1	1.1	1.1
2.0	2.0	2.0	2.0	2.0	2.0	2.0	2.0	2.0	2.0
0.3	0.3	0.3	0.3	0.3	0.3	0.3	0.3	0.3	0.3
1.5	1.5	1.5	1.5	1.5	1.5	1.5	1.5	1.5	1.5
2.6	2.6	2.6	2.6	2.6	2.6	2.6	2.6	2.6	2.6
0.4	0.4	0.4	0.4	0.4	0.4	0.4	0.4	0.4	0.4
2.3	2.3	2.3	2.3	2.3	2.3	2.3	2.3	2.3	2.3
0.7	0.7	0.7	0.7	0.7	0.7	0.7	0.7	0.7	0.7
1.9	1.9	1.9	1.9	1.9	1.9	1.9	1.9	1.9	1.9
1.3	1.3	1.3	1.3	1.3	1.3	1.3	1.3	1.3	1.3
1.1	1.1	1.1	1.1	1.1	1.1	1.1	1.1	1.1	1.1
0.9	0.9	0.9	0.9	0.9	0.9	0.9	0.9	0.9	0.9
2.7	2.7	2.7	2.7	2.7	2.7	2.7	2.7	2.7	2.7
1.6	1.6	1.6	1.6	1.6	1.6	1.6	1.6	1.6	1.6
0.3	0.3	0.3	0.3	0.3	0.3	0.3	0.3	0.3	0.3
1.5	1.5	1.5	1.5	1.5	1.5	1.5	1.5	1.5	1.5
1.2	1.2	1.2	1.2	1.2	1.2	1.2	1.2	1.2	1.2
2.9	2.9	2.9	2.9	2.9	2.9	2.9	2.9	2.9	2.9
1.1	1.1	1.1	1.1	1.1	1.1	1.1	1.1	1.1	1.1
1.6	1.6	1.6	1.6	1.6	1.6	1.6	1.6	1.6	1.6
0.8	0.8	0.8	0.8	0.8	0.8	0.8	0.8	0.8	0.8
1.9	1.9	1.9	1.9	1.9	1.9	1.9	1.9	1.9	1.9
1.7	1.7	1.7	1.7	1.7	1.7	1.7	1.7	1.7	1.7
0.7	0.7	0.7	0.7	0.7	0.7	0.7	0.7	0.7	0.7
1.5	1.5	1.5	1.5	1.5	1.5	1.5	1.5	1.5	1.5
0.3	0.3	0.3	0.3	0.3	0.3	0.3	0.3	0.3	0.3
0.4	0.4	0.4	0.4	0.4	0.4	0.4	0.4	0.4	0.4
3.1	3.1	3.1	3.1	3.1	3.1	3.1	3.1	3.1	3.1
1.0	1.0	1.0	1.0	1.0	1.0	1.0	1.0	1.0	1.0
1.0	1.0	1.0	1.0	1.0	1.0	1.0	1.0	1.0	1.0
3.0	3.0	3.0	3.0	3.0	3.0	3.0	3.0	3.0	3.0
1.1	1.1	1.1	1.1	1.1	1.1	1.1	1.1	1.1	1.1
1.3	1.3	1.3	1.3	1.3	1.3	1.3	1.3	1.3	1.3
0.1	0.1	0.1	0.1	0.1	0.1	0.1	0.1	0.1	0.1
0.8	0.8	0.8	0.8	0.8	0.8	0.8	0.8	0.8	0.8
1.4	1.4	1.4	1.4	1.4	1.4	1.4	1.4	1.4	1.4
1.4	1.4	1.4	1.4	1.4	1.4	1.4	1.4	1.4	1.4
0.3	0.3	0.3	0.3	0.3	0.3	0.3	0.3	0.3	0.3
0.3	0.3	0.3	0.3	0.3	0.3	0.3	0.3	0.3	0.3
1.8	1.8	1.8	1.8	1.8	1.8	1.8	1.8	1.8	1.8
2.7	2.7	2.7	2.7	2.7	2.7	2.7	2.7	2.7	2.7
0.6	0.6	0.6	0.6	0.6	0.6	0.6	0.6	0.6	0.6
1.5	1.5	1.5	1.5	1.5	1.5	1.5	1.5	1.5	1.5
0.3	0.3	0.3	0.3	0.3	0.3	0.3	0.3	0.3	0.3
1.4	1.4	1.4	1.4	1.4	1.4	1.4	1.4	1.4	1.4
1.6	1.6	1.6	1.6	1.6	1.6	1.6	1.6	1.6	1.6
0.9	0.9	0.9	0.9	0.9	0.9	0.9	0.9	0.9	0.9
0.1	0.1	0.1	0.1	0.1	0.1	0.1	0.1	0.1	0.1
0.7	0.7	0.7	0.7	0.7	0.7	0.7	0.7	0.7	0.7
0.8	0.8	0.8	0.8	0.8	0.8	0.8	0.8	0.8	0.8
0.9	0.9	0.9	0.9	0.9	0.9	0.9	0.9	0.9	0.9
0.9	0.9	0.9	0.9	0.9	0.9	0.9	0.9	0.9	0.9
0.6	0.6	0.6	0.6	0.6	0.6	0.6	0.6	0.6	0.6
1.0	1.0	1.0	1.0	1.0	1.0	1.0	1.0	1.0	1.0
2.5	2.5	2.5	2.5	2.5	2.5	2.5	2.5	2.5	2.5
1.9	1.9	1.9	1.9	1.9	1.9	1.9	1.9	1.9	1.9
0.4	0.4	0.4	0.4	0.4	0.4	0.4	0.4	0.4	0.4
]
