N_MACHINES:10	N_JOBS:200	CHARGING_TIME:60	INITIAL_CHARGE:10
D:[
14	14	14	14	14	14	14	14	14	14
39	39	39	39	39	39	39	39	39	39
26	26	26	26	26	26	26	26	26	26
21	21	21	21	21	21	21	21	21	21
9	9	9	9	9	9	9	9	9	9
27	27	27	27	27	27	27	27	27	27
36	36	36	36	36	36	36	36	36	36
13	13	13	13	13	13	13	13	13	13
11	11	11	11	11	11	11	11	11	11
15	15	15	15	15	15	15	15	15	15
34	34	34	34	34	34	34	34	34	34
28	28	28	28	28	28	28	28	28	28
26	26	26	26	26	26	26	26	26	26
17	17	17	17	17	17	17	17	17	17
22	22	22	22	22	22	22	22	22	22
26	26	26	26	26	26	26	26	26	26
32	32	32	32	32	32	32	32	32	32
45	45	45	45	45	45	45	45	45	45
17	17	17	17	17	17	17	17	17	17
13	13	13	13	13	13	13	13	13	13
30	30	30	30	30	30	30	30	30	30
27	27	27	27	27	27	27	27	27	27
15	15	15	15	15	15	15	15	15	15
14	14	14	14	14	14	14	14	14	14
20	20	20	20	20	20	20	20	20	20
24	24	24	24	24	24	24	24	24	24
50	50	50	50	50	50	50	50	50	50
25	25	25	25	25	25	25	25	25	25
19	19	19	19	19	19	19	19	19	19
65	65	65	65	65	65	65	65	65	65
52	52	52	52	52	52	52	52	52	52
6	6	6	6	6	6	6	6	6	6
33	33	33	33	33	33	33	33	33	33
14	14	14	14	14	14	14	14	14	14
16	16	16	16	16	16	16	16	16	16
22	22	22	22	22	22	22	22	22	22
37	37	37	37	37	37	37	37	37	37
8	8	8	8	8	8	8	8	8	8
5	5	5	5	5	5	5	5	5	5
57	57	57	57	57	57	57	57	57	57
22	22	22	22	22	22	22	22	22	22
25	25	25	25	25	25	25	25	25	25
58	58	58	58	58	58	58	58	58	58
18	18	18	18	18	18	18	18	18	18
29	29	29	29	29	29	29	29	29	29
10	10	10	10	10	10	10	10	10	10
25	25	25	25	25	25	25	25	25	25
16	16	16	16	16	16	16	16	16	16
3	3	3	3	3	3	3	3	3	3
36	36	36	36	36	36	36	36	36	36
22	22	22	22	22	22	22	22	22	22
17	17	17	17	17	17	17	17	17	17
34	34	34	34	34	34	34	34	34	34
46	46	46	46	46	46	46	46	46	46
16	16	16	16	16	16	16	16	16	16
26	26	26	26	26	26	26	26	26	26
14	14	14	14	14	14	14	14	14	14
39	39	39	39	39	39	39	39	39	39
43	43	43	43	43	43	43	43	43	43
21	21	21	21	21	21	21	21	21	21
46	46	46	46	46	46	46	46	46	46
26	26	26	26	26	26	26	26	26	26
5	5	5	5	5	5	5	5	5	5
28	28	28	28	28	28	28	28	28	28
36	36	36	36	36	36	36	36	36	36
36	36	36	36	36	36	36	36	36	36
25	25	25	25	25	25	25	25	25	25
0	0	0	0	0	0	0	0	0	0
61	61	61	61	61	61	61	61	61	61
25	25	25	25	25	25	25	25	25	25
32	32	32	32	32	32	32	32	32	32
44	44	44	44	44	44	44	44	44	44
75	75	75	75	75	75	75	75	75	75
5	5	5	5	5	5	5	5	5	5
46	46	46	46	46	46	46	46	46	46
8	8	8	8	8	8	8	8	8	8
5	5	5	5	5	5	5	5	5	5
57	57	57	57	57	57	57	57	57	57
47	47	47	47	47	47	47	47	47	47
13	13	13	13	13	13	13	13	13	13
21	21	21	21	21	21	21	21	21	21
45	45	45	45	45	45	45	45	45	45
2	2	2	2	2	2	2	2	2	2
31	31	31	31	31	31	31	31	31	31
3	3	3	3	3	3	3	3	3	3
17	17	17	17	17	17	17	17	17	17
18	18	18	18	18	18	18	18	18	18
45	45	45	45	45	45	45	45	45	45
3	3	3	3	3	3	3	3	3	3
23	23	23	23	23	23	23	23	23	23
49	49	49	49	49	49	49	49	49	49
32	32	32	32	32	32	32	32	32	32
2	2	2	2	2	2	2	2	2	2
19	19	19	19	19	19	19	19	19	19
37	37	37	37	37	37	37	37	37	37
30	30	30	30	30	30	30	30	30	30
24	24	24	24	24	24	24	24	24	24
40	40	40	40	40	40	40	40	40	40
50	50	50	50	50	50	50	50	50	50
24	24	24	24	24	24	24	24	24	24
48	48	48	48	48	48	48	48	48	48
31	31	31	31	31	31	31	31	31	31
0	0	0	0	0	0	0	0	0	0
11	11	11	11	11	11	11	11	11	11
23	23	23	23	23	23	23	23	23	23
19	19	19	19	19	19	19	19	19	19
28	28	28	28	28	28	28	28	28	28
45	45	45	45	45	45	45	45	45	45
59	59	59	59	59	59	59	59	59	59
28	28	28	28	28	28	28	28	28	28
9	9	9	9	9	9	9	9	9	9
8	8	8	8	8	8	8	8	8	8
11	11	11	11	11	11	11	11	11	11
10	10	10	10	10	10	10	10	10	10
14	14	14	14	14	14	14	14	14	14
40	40	40	40	40	40	40	40	40	40
2	2	2	2	2	2	2	2	2	2
18	18	18	18	18	18	18	18	18	18
2	2	2	2	2	2	2	2	2	2
34	34	34	34	34	34	34	34	34	34
2	2	2	2	2	2	2	2	2	2
35	35	35	35	35	35	35	35	35	35
51	51	51	51	51	51	51	51	51	51
3	3	3	3	3	3	3	3	3	3
25	25	25	25	25	25	25	25	25	25
25	25	25	25	25	25	25	25	25	25
2	2	2	2	2	2	2	2	2	2
21	21	21	21	21	21	21	21	21	21
8	8	8	8	8	8	8	8	8	8
17	17	17	17	17	17	17	17	17	17
46	46	46	46	46	46	46	46	46	46
2	2	2	2	2	2	2	2	2	2
47	47	47	47	47	47	47	47	47	47
35	35	35	35	35	35	35	35	35	35
36	36	36	36	36	36	36	36	36	36
32	32	32	32	32	32	32	32	32	32
5	5	5	5	5	5	5	5	5	5
0	0	0	0	0	0	0	0	0	0
22	22	22	22	22	22	22	22	22	22
37	37	37	37	37	37	37	37	37	37
27	27	27	27	27	27	27	27	27	27
5	5	5	5	5	5	5	5	5	5
50	50	50	50	50	50	50	50	50	50
35	35	35	35	35	35	35	35	35	35
23	23	23	23	23	23	23	23	23	23
5	5	5	5	5	5	5	5	5	5
37	37	37	37	37	37	37	37	37	37
0	0	0	0	0	0	0	0	0	0
14	14	14	14	14	14	14	14	14	14
37	37	37	37	37	37	37	37	37	37
53	53	53	53	53	53	53	53	53	53
31	31	31	31	31	31	31	31	31	31
46	46	46	46	46	46	46	46	46	46
1	1	1	1	1	1	1	1	1	1
13	13	13	13	13	13	13	13	13	13
13	13	13	13	13	13	13	13	13	13
39	39	39	39	39	39	39	39	39	39
30	30	30	30	30	30	30	30	30	30
40	40	40	40	40	40	40	40	40	40
48	48	48	48	48	48	48	48	48	48
6	6	6	6	6	6	6	6	6	6
27	27	27	27	27	27	27	27	27	27
7	7	7	7	7	7	7	7	7	7
5	5	5	5	5	5	5	5	5	5
4	4	4	4	4	4	4	4	4	4
14	14	14	14	14	14	14	14	14	14
41	41	41	41	41	41	41	41	41	41
3	3	3	3	3	3	3	3	3	3
27	27	27	27	27	27	27	27	27	27
42	42	42	42	42	42	42	42	42	42
18	18	18	18	18	18	18	18	18	18
32	32	32	32	32	32	32	32	32	32
38	38	38	38	38	38	38	38	38	38
25	25	25	25	25	25	25	25	25	25
4	4	4	4	4	4	4	4	4	4
49	49	49	49	49	49	49	49	49	49
25	25	25	25	25	25	25	25	25	25
46	46	46	46	46	46	46	46	46	46
27	27	27	27	27	27	27	27	27	27
21	21	21	21	21	21	21	21	21	21
28	28	28	28	28	28	28	28	28	28
8	8	8	8	8	8	8	8	8	8
36	36	36	36	36	36	36	36	36	36
22	22	22	22	22	22	22	22	22	22
14	14	14	14	14	14	14	14	14	14
16	16	16	16	16	16	16	16	16	16
19	19	19	19	19	19	19	19	19	19
4	4	4	4	4	4	4	4	4	4
48	48	48	48	48	48	48	48	48	48
29	29	29	29	29	29	29	29	29	29
39	39	39	39	39	39	39	39	39	39
9	9	9	9	9	9	9	9	9	9
12	12	12	12	12	12	12	12	12	12
39	39	39	39	39	39	39	39	39	39
28	28	28	28	28	28	28	28	28	28
11	11	11	11	11	11	11	11	11	11
17	17	17	17	17	17	17	17	17	17
22	22	22	22	22	22	22	22	22	22
30	30	30	30	30	30	30	30	30	30
22	22	22	22	22	22	22	22	22	22
]
w:[
1.7	1.7	1.7	1.7	1.7	1.7	1.7	1.7	1.7	1.7
4.1	4.1	4.1	4.1	4.1	4.1	4.1	4.1	4.1	4.1
3.7	3.7	3.7	3.7	3.7	3.7	3.7	3.7	3.7	3.7
0.2	0.2	0.2	0.2	0.2	0.2	0.2	0.2	0.2	0.2
2.3	2.3	2.3	2.3	2.3	2.3	2.3	2.3	2.3	2.3
0.5	0.5	0.5	0.5	0.5	0.5	0.5	0.5	0.5	0.5
2.4	2.4	2.4	2.4	2.4	2.4	2.4	2.4	2.4	2.4
1.4	1.4	1.4	1.4	1.4	1.4	1.4	1.4	1.4	1.4
2.0	2.0	2.0	2.0	2.0	2.0	2.0	2.0	2.0	2.0
3.0	3.0	3.0	3.0	3.0	3.0	3.0	3.0	3.0	3.0
2.8	2.8	2.8	2.8	2.8	2.8	2.8	2.8	2.8	2.8
2.1	2.1	2.1	2.1	2.1	2.1	2.1	2.1	2.1	2.1
2.4	2.4	2.4	2.4	2.4	2.4	2.4	2.4	2.4	2.4
1.8	1.8	1.8	1.8	1.8	1.8	1.8	1.8	1.8	1.8
1.6	1.6	1.6	1.6	1.6	1.6	1.6	1.6	1.6	1.6
4.6	4.6	4.6	4.6	4.6	4.6	4.6	4.6	4.6	4.6
1.4	1.4	1.4	1.4	1.4	1.4	1.4	1.4	1.4	1.4
5.2	5.2	5.2	5.2	5.2	5.2	5.2	5.2	5.2	5.2
3.1	3.1	3.1	3.1	3.1	3.1	3.1	3.1	3.1	3.1
1.7	1.7	1.7	1.7	1.7	1.7	1.7	1.7	1.7	1.7
4.0	4.0	4.0	4.0	4.0	4.0	4.0	4.0	4.0	4.0
0.4	0.4	0.4	0.4	0.4	0.4	0.4	0.4	0.4	0.4
5.2	5.2	5.2	5.2	5.2	5.2	5.2	5.2	5.2	5.2
3.8	3.8	3.8	3.8	3.8	3.8	3.8	3.8	3.8	3.8
4.5	4.5	4.5	4.5	4.5	4.5	4.5	4.5	4.5	4.5
2.4	2.4	2.4	2.4	2.4	2.4	2.4	2.4	2.4	2.4
3.5	3.5	3.5	3.5	3.5	3.5	3.5	3.5	3.5	3.5
2.4	2.4	2.4	2.4	2.4	2.4	2.4	2.4	2.4	2.4
3.8	3.8	3.8	3.8	3.8	3.8	3.8	3.8	3.8	3.8
2.8	2.8	2.8	2.8	2.8	2.8	2.8	2.8	2.8	2.8
3.8	3.8	3.8	3.8	3.8	3.8	3.8	3.8	3.8	3.8
3.6	3.6	3.6	3.6	3.6	3.6	3.6	3.6	3.6	3.6
4.3	4.3	4.3	4.3	4.3	4.3	4.3	4.3	4.3	4.3
2.3	2.3	2.3	2.3	2.3	2.3	2.3	2.3	2.3	2.3
5.3	5.3	5.3	5.3	5.3	5.3	5.3	5.3	5.3	5.3
0.4	0.4	0.4	0.4	0.4	0.4	0.4	0.4	0.4	0.4
0.8	0.8	0.8	0.8	0.8	0.8	0.8	0.8	0.8	0.8
2.5	2.5	2.5	2.5	2.5	2.5	2.5	2.5	2.5	2.5
1.6	1.6	1.6	1.6	1.6	1.6	1.6	1.6	1.6	1.6
1.3	1.3	1.3	1.3	1.3	1.3	1.3	1.3	1.3	1.3
3.6	3.6	3.6	3.6	3.6	3.6	3.6	3.6	3.6	3.6
2.4	2.4	2.4	2.4	2.4	2.4	2.4	2.4	2.4	2.4
4.1	4.1	4.1	4.1	4.1	4.1	4.1	4.1	4.1	4.1
3.5	3.5	3.5	3.5	3.5	3.5	3.5	3.5	3.5	3.5
2.1	2.1	2.1	2.1	2.1	2.1	2.1	2.1	2.1	2.1
3.3	3.3	3.3	3.3	3.3	3.3	3.3	3.3	3.3	3.3
3.7	3.7	3.7	3.7	3.7	3.7	3.7	3.7	3.7	3.7
3.4	3.4	3.4	3.4	3.4	3.4	3.4	3.4	3.4	3.4
0.6	0.6	0.6	0.6	0.6	0.6	0.6	0.6	0.6	0.6
2.4	2.4	2.4	2.4	2.4	2.4	2.4	2.4	2.4	2.4
1.8	1.8	1.8	1.8	1.8	1.8	1.8	1.8	1.8	1.8
4.5	4.5	4.5	4.5	4.5	4.5	4.5	4.5	4.5	4.5
1.1	1.1	1.1	1.1	1.1	1.1	1.1	1.1	1.1	1.1
1.0	1.0	1.0	1.0	1.0	1.0	1.0	1.0	1.0	1.0
0.1	0.1	0.1	0.1	0.1	0.1	0.1	0.1	0.1	0.1
2.4	2.4	2.4	2.4	2.4	2.4	2.4	2.4	2.4	2.4
1.4	1.4	1.4	1.4	1.4	1.4	1.4	1.4	1.4	1.4
2.1	2.1	2.1	2.1	2.1	2.1	2.1	2.1	2.1	2.1
3.3	3.3	3.3	3.3	3.3	3.3	3.3	3.3	3.3	3.3
3.5	3.5	3.5	3.5	3.5	3.5	3.5	3.5	3.5	3.5
0.2	0.2	0.2	0.2	0.2	0.2	0.2	0.2	0.2	0.2
3.8	3.8	3.8	3.8	3.8	3.8	3.8	3.8	3.8	3.8
6.0	6.0	6.0	6.0	6.0	6.0	6.0	6.0	6.0	6.0
1.8	1.8	1.8	1.8	1.8	1.8	1.8	1.8	1.8	1.8
0.9	0.9	0.9	0.9	0.9	0.9	0.9	0.9	0.9	0.9
4.2	4.2	4.2	4.2	4.2	4.2	4.2	4.2	4.2	4.2
1.4	1.4	1.4	1.4	1.4	1.4	1.4	1.4	1.4	1.4
3.0	3.0	3.0	3.0	3.0	3.0	3.0	3.0	3.0	3.0
3.6	3.6	3.6	3.6	3.6	3.6	3.6	3.6	3.6	3.6
3.8	3.8	3.8	3.8	3.8	3.8	3.8	3.8	3.8	3.8
0.1	0.1	0.1	0.1	0.1	0.1	0.1	0.1	0.1	0.1
3.3	3.3	3.3	3.3	3.3	3.3	3.3	3.3	3.3	3.3
1.9	1.9	1.9	1.9	1.9	1.9	1.9	1.9	1.9	1.9
1.7	1.7	1.7	1.7	1.7	1.7	1.7	1.7	1.7	1.7
6.0	6.0	6.0	6.0	6.0	6.0	6.0	6.0	6.0	6.0
1.1	1.1	1.1	1.1	1.1	1.1	1.1	1.1	1.1	1.1
1.7	1.7	1.7	1.7	1.7	1.7	1.7	1.7	1.7	1.7
3.1	3.1	3.1	3.1	3.1	3.1	3.1	3.1	3.1	3.1
1.8	1.8	1.8	1.8	1.8	1.8	1.8	1.8	1.8	1.8
3.4	3.4	3.4	3.4	3.4	3.4	3.4	3.4	3.4	3.4
2.8	2.8	2.8	2.8	2.8	2.8	2.8	2.8	2.8	2.8
1.2	1.2	1.2	1.2	1.2	1.2	1.2	1.2	1.2	1.2
2.6	2.6	2.6	2.6	2.6	2.6	2.6	2.6	2.6	2.6
2.8	2.8	2.8	2.8	2.8	2.8	2.8	2.8	2.8	2.8
3.5	3.5	3.5	3.5	3.5	3.5	3.5	3.5	3.5	3.5
3.3	3.3	3.3	3.3	3.3	3.3	3.3	3.3	3.3	3.3
2.5	2.5	2.5	2.5	2.5	2.5	2.5	2.5	2.5	2.5
5.7	5.7	5.7	5.7	5.7	5.7	5.7	5.7	5.7	5.7
0.9	0.9	0.9	0.9	0.9	0.9	0.9	0.9	0.9	0.9
2.0	2.0	2.0	2.0	2.0	2.0	2.0	2.0	2.0	2.0
1.4	1.4	1.4	1.4	1.4	1.4	1.4	1.4	1.4	1.4
2.5	2.5	2.5	2.5	2.5	2.5	2.5	2.5	2.5	2.5
2.3	2.3	2.3	2.3	2.3	2.3	2.3	2.3	2.3	2.3
3.0	3.0	3.0	3.0	3.0	3.0	3.0	3.0	3.0	3.0
3.8	3.8	3.8	3.8	3.8	3.8	3.8	3.8	3.8	3.8
3.3	3.3	3.3	3.3	3.3	3.3	3.3	3.3	3.3	3.3
4.7	4.7	4.7	4.7	4.7	4.7	4.7	4.7	4.7	4.7
7.6	7.6	7.6	7.6	7.6	7.6	7.6	7.6	7.6	7.6
3.0	3.0	3.0	3.0	3.0	3.0	3.0	3.0	3.0	3.0
2.5	2.5	2.5	2.5	2.5	2.5	2.5	2.5	2.5	2.5
5.1	5.1	5.1	5.1	5.1	5.1	5.1	5.1	5.1	5.1
1.8	1.8	1.8	1.8	1.8	1.8	1.8	1.8	1.8	1.8
1.8	1.8	1.8	1.8	1.8	1.8	1.8	1.8	1.8	1.8
1.4	1.4	1.4	1.4	1.4	1.4	1.4	1.4	1.4	1.4
1.9	1.9	1.9	1.9	1.9	1.9	1.9	1.9	1.9	1.9
1.7	1.7	1.7	1.7	1.7	1.7	1.7	1.7	1.7	1.7
2.4	2.4	2.4	2.4	2.4	2.4	2.4	2.4	2.4	2.4
3.8	3.8	3.8	3.8	3.8	3.8	3.8	3.8	3.8	3.8
3.2	3.2	3.2	3.2	3.2	3.2	3.2	3.2	3.2	3.2
0.9	0.9	0.9	0.9	0.9	0.9	0.9	0.9	0.9	0.9
2.4	2.4	2.4	2.4	2.4	2.4	2.4	2.4	2.4	2.4
6.2	6.2	6.2	6.2	6.2	6.2	6.2	6.2	6.2	6.2
2.3	2.3	2.3	2.3	2.3	2.3	2.3	2.3	2.3	2.3
1.7	1.7	1.7	1.7	1.7	1.7	1.7	1.7	1.7	1.7
0.5	0.5	0.5	0.5	0.5	0.5	0.5	0.5	0.5	0.5
0.4	0.4	0.4	0.4	0.4	0.4	0.4	0.4	0.4	0.4
2.7	2.7	2.7	2.7	2.7	2.7	2.7	2.7	2.7	2.7
3.4	3.4	3.4	3.4	3.4	3.4	3.4	3.4	3.4	3.4
1.1	1.1	1.1	1.1	1.1	1.1	1.1	1.1	1.1	1.1
3.7	3.7	3.7	3.7	3.7	3.7	3.7	3.7	3.7	3.7
3.6	3.6	3.6	3.6	3.6	3.6	3.6	3.6	3.6	3.6
4.0	4.0	4.0	4.0	4.0	4.0	4.0	4.0	4.0	4.0
2.0	2.0	2.0	2.0	2.0	2.0	2.0	2.0	2.0	2.0
1.9	1.9	1.9	1.9	1.9	1.9	1.9	1.9	1.9	1.9
4.0	4.0	4.0	4.0	4.0	4.0	4.0	4.0	4.0	4.0
3.1	3.1	3.1	3.1	3.1	3.1	3.1	3.1	3.1	3.1
0.8	0.8	0.8	0.8	0.8	0.8	0.8	0.8	0.8	0.8
4.6	4.6	4.6	4.6	4.6	4.6	4.6	4.6	4.6	4.6
3.2	3.2	3.2	3.2	3.2	3.2	3.2	3.2	3.2	3.2
1.2	1.2	1.2	1.2	1.2	1.2	1.2	1.2	1.2	1.2
4.1	4.1	4.1	4.1	4.1	4.1	4.1	4.1	4.1	4.1
3.6	3.6	3.6	3.6	3.6	3.6	3.6	3.6	3.6	3.6
0.6	0.6	0.6	0.6	0.6	0.6	0.6	0.6	0.6	0.6
0.1	0.1	0.1	0.1	0.1	0.1	0.1	0.1	0.1	0.1
2.3	2.3	2.3	2.3	2.3	2.3	2.3	2.3	2.3	2.3
2.6	2.6	2.6	2.6	2.6	2.6	2.6	2.6	2.6	2.6
4.5	4.5	4.5	4.5	4.5	4.5	4.5	4.5	4.5	4.5
0.6	0.6	0.6	0.6	0.6	0.6	0.6	0.6	0.6	0.6
4.1	4.1	4.1	4.1	4.1	4.1	4.1	4.1	4.1	4.1
4.0	4.0	4.0	4.0	4.0	4.0	4.0	4.0	4.0	4.0
1.9	1.9	1.9	1.9	1.9	1.9	1.9	1.9	1.9	1.9
5.6	5.6	5.6	5.6	5.6	5.6	5.6	5.6	5.6	5.6
4.6	4.6	4.6	4.6	4.6	4.6	4.6	4.6	4.6	4.6
2.7	2.7	2.7	2.7	2.7	2.7	2.7	2.7	2.7	2.7
1.8	1.8	1.8	1.8	1.8	1.8	1.8	1.8	1.8	1.8
4.5	4.5	4.5	4.5	4.5	4.5	4.5	4.5	4.5	4.5
2.4	2.4	2.4	2.4	2.4	2.4	2.4	2.4	2.4	2.4
0.9	0.9	0.9	0.9	0.9	0.9	0.9	0.9	0.9	0.9
3.9	3.9	3.9	3.9	3.9	3.9	3.9	3.9	3.9	3.9
4.7	4.7	4.7	4.7	4.7	4.7	4.7	4.7	4.7	4.7
2.3	2.3	2.3	2.3	2.3	2.3	2.3	2.3	2.3	2.3
1.7	1.7	1.7	1.7	1.7	1.7	1.7	1.7	1.7	1.7
4.4	4.4	4.4	4.4	4.4	4.4	4.4	4.4	4.4	4.4
4.7	4.7	4.7	4.7	4.7	4.7	4.7	4.7	4.7	4.7
4.5	4.5	4.5	4.5	4.5	4.5	4.5	4.5	4.5	4.5
0.9	0.9	0.9	0.9	0.9	0.9	0.9	0.9	0.9	0.9
0.2	0.2	0.2	0.2	0.2	0.2	0.2	0.2	0.2	0.2
3.5	3.5	3.5	3.5	3.5	3.5	3.5	3.5	3.5	3.5
1.9	1.9	1.9	1.9	1.9	1.9	1.9	1.9	1.9	1.9
5.2	5.2	5.2	5.2	5.2	5.2	5.2	5.2	5.2	5.2
5.1	5.1	5.1	5.1	5.1	5.1	5.1	5.1	5.1	5.1
2.7	2.7	2.7	2.7	2.7	2.7	2.7	2.7	2.7	2.7
2.6	2.6	2.6	2.6	2.6	2.6	2.6	2.6	2.6	2.6
2.2	2.2	2.2	2.2	2.2	2.2	2.2	2.2	2.2	2.2
1.1	1.1	1.1	1.1	1.1	1.1	1.1	1.1	1.1	1.1
5.5	5.5	5.5	5.5	5.5	5.5	5.5	5.5	5.5	5.5
0.7	0.7	0.7	0.7	0.7	0.7	0.7	0.7	0.7	0.7
0.8	0.8	0.8	0.8	0.8	0.8	0.8	0.8	0.8	0.8
1.5	1.5	1.5	1.5	1.5	1.5	1.5	1.5	1.5	1.5
2.3	2.3	2.3	2.3	2.3	2.3	2.3	2.3	2.3	2.3
1.1	1.1	1.1	1.1	1.1	1.1	1.1	1.1	1.1	1.1
2.9	2.9	2.9	2.9	2.9	2.9	2.9	2.9	2.9	2.9
3.2	3.2	3.2	3.2	3.2	3.2	3.2	3.2	3.2	3.2
3.8	3.8	3.8	3.8	3.8	3.8	3.8	3.8	3.8	3.8
3.2	3.2	3.2	3.2	3.2	3.2	3.2	3.2	3.2	3.2
4.6	4.6	4.6	4.6	4.6	4.6	4.6	4.6	4.6	4.6
3.5	3.5	3.5	3.5	3.5	3.5	3.5	3.5	3.5	3.5
2.8	2.8	2.8	2.8	2.8	2.8	2.8	2.8	2.8	2.8
2.8	2.8	2.8	2.8	2.8	2.8	2.8	2.8	2.8	2.8
2.8	2.8	2.8	2.8	2.8	2.8	2.8	2.8	2.8	2.8
1.8	1.8	1.8	1.8	1.8	1.8	1.8	1.8	1.8	1.8
0.3	0.3	0.3	0.3	0.3	0.3	0.3	0.3	0.3	0.3
1.9	1.9	1.9	1.9	1.9	1.9	1.9	1.9	1.9	1.9
1.7	1.7	1.7	1.7	1.7	1.7	1.7	1.7	1.7	1.7
0.7	0.7	0.7	0.7	0.7	0.7	0.7	0.7	0.7	0.7
1.7	1.7	1.7	1.7	1.7	1.7	1.7	1.7	1.7	1.7
0.7	0.7	0.7	0.7	0.7	0.7	0.7	0.7	0.7	0.7
1.3	1.3	1.3	1.3	1.3	1.3	1.3	1.3	1.3	1.3
2.8	2.8	2.8	2.8	2.8	2.8	2.8	2.8	2.8	2.8
5.9	5.9	5.9	5.9	5.9	5.9	5.9	5.9	5.9	5.9
1.9	1.9	1.9	1.9	1.9	1.9	1.9	1.9	1.9	1.9
2.0	2.0	2.0	2.0	2.0	2.0	2.0	2.0	2.0	2.0
1.3	1.3	1.3	1.3	1.3	1.3	1.3	1.3	1.3	1.3
0.9	0.9	0.9	0.9	0.9	0.9	0.9	0.9	0.9	0.9
0.2	0.2	0.2	0.2	0.2	0.2	0.2	0.2	0.2	0.2
3.1	3.1	3.1	3.1	3.1	3.1	3.1	3.1	3.1	3.1
0.5	0.5	0.5	0.5	0.5	0.5	0.5	0.5	0.5	0.5
2.8	2.8	2.8	2.8	2.8	2.8	2.8	2.8	2.8	2.8
1.5	1.5	1.5	1.5	1.5	1.5	1.5	1.5	1.5	1.5
0.9	0.9	0.9	0.9	0.9	0.9	0.9	0.9	0.9	0.9
]
