N_MACHINES:10	N_JOBS:200	CHARGING_TIME:60	INITIAL_CHARGE:10
D:[
10	10	10	10	10	10	10	10	10	10
8	8	8	8	8	8	8	8	8	8
30	30	30	30	30	30	30	30	30	30
5	5	5	5	5	5	5	5	5	5
18	18	18	18	18	18	18	18	18	18
15	15	15	15	15	15	15	15	15	15
14	14	14	14	14	14	14	14	14	14
12	12	12	12	12	12	12	12	12	12
8	8	8	8	8	8	8	8	8	8
10	10	10	10	10	10	10	10	10	10
22	22	22	22	22	22	22	22	22	22
11	11	11	11	11	11	11	11	11	11
24	24	24	24	24	24	24	24	24	24
8	8	8	8	8	8	8	8	8	8
26	26	26	26	26	26	26	26	26	26
4	4	4	4	4	4	4	4	4	4
0	0	0	0	0	0	0	0	0	0
27	27	27	27	27	27	27	27	27	27
27	27	27	27	27	27	27	27	27	27
35	35	35	35	35	35	35	35	35	35
33	33	33	33	33	33	33	33	33	33
16	16	16	16	16	16	16	16	16	16
8	8	8	8	8	8	8	8	8	8
9	9	9	9	9	9	9	9	9	9
13	13	13	13	13	13	13	13	13	13
3	3	3	3	3	3	3	3	3	3
8	8	8	8	8	8	8	8	8	8
10	10	10	10	10	10	10	10	10	10
9	9	9	9	9	9	9	9	9	9
14	14	14	14	14	14	14	14	14	14
21	21	21	21	21	21	21	21	21	21
16	16	16	16	16	16	16	16	16	16
5	5	5	5	5	5	5	5	5	5
9	9	9	9	9	9	9	9	9	9
14	14	14	14	14	14	14	14	14	14
2	2	2	2	2	2	2	2	2	2
18	18	18	18	18	18	18	18	18	18
19	19	19	19	19	19	19	19	19	19
21	21	21	21	21	21	21	21	21	21
16	16	16	16	16	16	16	16	16	16
23	23	23	23	23	23	23	23	23	23
4	4	4	4	4	4	4	4	4	4
10	10	10	10	10	10	10	10	10	10
10	10	10	10	10	10	10	10	10	10
0	0	0	0	0	0	0	0	0	0
11	11	11	11	11	11	11	11	11	11
11	11	11	11	11	11	11	11	11	11
3	3	3	3	3	3	3	3	3	3
4	4	4	4	4	4	4	4	4	4
13	13	13	13	13	13	13	13	13	13
3	3	3	3	3	3	3	3	3	3
7	7	7	7	7	7	7	7	7	7
6	6	6	6	6	6	6	6	6	6
4	4	4	4	4	4	4	4	4	4
21	21	21	21	21	21	21	21	21	21
18	18	18	18	18	18	18	18	18	18
3	3	3	3	3	3	3	3	3	3
1	1	1	1	1	1	1	1	1	1
1	1	1	1	1	1	1	1	1	1
4	4	4	4	4	4	4	4	4	4
14	14	14	14	14	14	14	14	14	14
10	10	10	10	10	10	10	10	10	10
21	21	21	21	21	21	21	21	21	21
19	19	19	19	19	19	19	19	19	19
25	25	25	25	25	25	25	25	25	25
7	7	7	7	7	7	7	7	7	7
15	15	15	15	15	15	15	15	15	15
10	10	10	10	10	10	10	10	10	10
19	19	19	19	19	19	19	19	19	19
5	5	5	5	5	5	5	5	5	5
2	2	2	2	2	2	2	2	2	2
13	13	13	13	13	13	13	13	13	13
10	10	10	10	10	10	10	10	10	10
21	21	21	21	21	21	21	21	21	21
20	20	20	20	20	20	20	20	20	20
18	18	18	18	18	18	18	18	18	18
3	3	3	3	3	3	3	3	3	3
3	3	3	3	3	3	3	3	3	3
0	0	0	0	0	0	0	0	0	0
10	10	10	10	10	10	10	10	10	10
6	6	6	6	6	6	6	6	6	6
10	10	10	10	10	10	10	10	10	10
7	7	7	7	7	7	7	7	7	7
5	5	5	5	5	5	5	5	5	5
2	2	2	2	2	2	2	2	2	2
4	4	4	4	4	4	4	4	4	4
30	30	30	30	30	30	30	30	30	30
17	17	17	17	17	17	17	17	17	17
4	4	4	4	4	4	4	4	4	4
16	16	16	16	16	16	16	16	16	16
15	15	15	15	15	15	15	15	15	15
14	14	14	14	14	14	14	14	14	14
7	7	7	7	7	7	7	7	7	7
16	16	16	16	16	16	16	16	16	16
5	5	5	5	5	5	5	5	5	5
12	12	12	12	12	12	12	12	12	12
8	8	8	8	8	8	8	8	8	8
13	13	13	13	13	13	13	13	13	13
14	14	14	14	14	14	14	14	14	14
15	15	15	15	15	15	15	15	15	15
24	24	24	24	24	24	24	24	24	24
14	14	14	14	14	14	14	14	14	14
11	11	11	11	11	11	11	11	11	11
7	7	7	7	7	7	7	7	7	7
20	20	20	20	20	20	20	20	20	20
21	21	21	21	21	21	21	21	21	21
6	6	6	6	6	6	6	6	6	6
15	15	15	15	15	15	15	15	15	15
4	4	4	4	4	4	4	4	4	4
11	11	11	11	11	11	11	11	11	11
23	23	23	23	23	23	23	23	23	23
3	3	3	3	3	3	3	3	3	3
13	13	13	13	13	13	13	13	13	13
22	22	22	22	22	22	22	22	22	22
16	16	16	16	16	16	16	16	16	16
17	17	17	17	17	17	17	17	17	17
17	17	17	17	17	17	17	17	17	17
3	3	3	3	3	3	3	3	3	3
27	27	27	27	27	27	27	27	27	27
18	18	18	18	18	18	18	18	18	18
3	3	3	3	3	3	3	3	3	3
17	17	17	17	17	17	17	17	17	17
15	15	15	15	15	15	15	15	15	15
2	2	2	2	2	2	2	2	2	2
18	18	18	18	18	18	18	18	18	18
22	22	22	22	22	22	22	22	22	22
32	32	32	32	32	32	32	32	32	32
15	15	15	15	15	15	15	15	15	15
0	0	0	0	0	0	0	0	0	0
24	24	24	24	24	24	24	24	24	24
9	9	9	9	9	9	9	9	9	9
1	1	1	1	1	1	1	1	1	1
11	11	11	11	11	11	11	11	11	11
12	12	12	12	12	12	12	12	12	12
5	5	5	5	5	5	5	5	5	5
13	13	13	13	13	13	13	13	13	13
24	24	24	24	24	24	24	24	24	24
0	0	0	0	0	0	0	0	0	0
10	10	10	10	10	10	10	10	10	10
0	0	0	0	0	0	0	0	0	0
7	7	7	7	7	7	7	7	7	7
14	14	14	14	14	14	14	14	14	14
16	16	16	16	16	16	16	16	16	16
3	3	3	3	3	3	3	3	3	3
13	13	13	13	13	13	13	13	13	13
13	13	13	13	13	13	13	13	13	13
24	24	24	24	24	24	24	24	24	24
7	7	7	7	7	7	7	7	7	7
12	12	12	12	12	12	12	12	12	12
6	6	6	6	6	6	6	6	6	6
4	4	4	4	4	4	4	4	4	4
25	25	25	25	25	25	25	25	25	25
5	5	5	5	5	5	5	5	5	5
14	14	14	14	14	14	14	14	14	14
2	2	2	2	2	2	2	2	2	2
11	11	11	11	11	11	11	11	11	11
13	13	13	13	13	13	13	13	13	13
24	24	24	24	24	24	24	24	24	24
3	3	3	3	3	3	3	3	3	3
27	27	27	27	27	27	27	27	27	27
5	5	5	5	5	5	5	5	5	5
9	9	9	9	9	9	9	9	9	9
22	22	22	22	22	22	22	22	22	22
1	1	1	1	1	1	1	1	1	1
7	7	7	7	7	7	7	7	7	7
16	16	16	16	16	16	16	16	16	16
22	22	22	22	22	22	22	22	22	22
1	1	1	1	1	1	1	1	1	1
19	19	19	19	19	19	19	19	19	19
4	4	4	4	4	4	4	4	4	4
15	15	15	15	15	15	15	15	15	15
18	18	18	18	18	18	18	18	18	18
20	20	20	20	20	20	20	20	20	20
17	17	17	17	17	17	17	17	17	17
1	1	1	1	1	1	1	1	1	1
11	11	11	11	11	11	11	11	11	11
10	10	10	10	10	10	10	10	10	10
14	14	14	14	14	14	14	14	14	14
6	6	6	6	6	6	6	6	6	6
6	6	6	6	6	6	6	6	6	6
8	8	8	8	8	8	8	8	8	8
20	20	20	20	20	20	20	20	20	20
3	3	3	3	3	3	3	3	3	3
17	17	17	17	17	17	17	17	17	17
1	1	1	1	1	1	1	1	1	1
6	6	6	6	6	6	6	6	6	6
14	14	14	14	14	14	14	14	14	14
7	7	7	7	7	7	7	7	7	7
9	9	9	9	9	9	9	9	9	9
7	7	7	7	7	7	7	7	7	7
17	17	17	17	17	17	17	17	17	17
3	3	3	3	3	3	3	3	3	3
15	15	15	15	15	15	15	15	15	15
19	19	19	19	19	19	19	19	19	19
9	9	9	9	9	9	9	9	9	9
13	13	13	13	13	13	13	13	13	13
8	8	8	8	8	8	8	8	8	8
5	5	5	5	5	5	5	5	5	5
13	13	13	13	13	13	13	13	13	13
10	10	10	10	10	10	10	10	10	10
]
w:[
1.4	1.4	1.4	1.4	1.4	1.4	1.4	1.4	1.4	1.4
2.4	2.4	2.4	2.4	2.4	2.4	2.4	2.4	2.4	2.4
1.6	1.6	1.6	1.6	1.6	1.6	1.6	1.6	1.6	1.6
2.4	2.4	2.4	2.4	2.4	2.4	2.4	2.4	2.4	2.4
2.0	2.0	2.0	2.0	2.0	2.0	2.0	2.0	2.0	2.0
1.7	1.7	1.7	1.7	1.7	1.7	1.7	1.7	1.7	1.7
1.0	1.0	1.0	1.0	1.0	1.0	1.0	1.0	1.0	1.0
1.2	1.2	1.2	1.2	1.2	1.2	1.2	1.2	1.2	1.2
1.0	1.0	1.0	1.0	1.0	1.0	1.0	1.0	1.0	1.0
0.9	0.9	0.9	0.9	0.9	0.9	0.9	0.9	0.9	0.9
1.4	1.4	1.4	1.4	1.4	1.4	1.4	1.4	1.4	1.4
0.6	0.6	0.6	0.6	0.6	0.6	0.6	0.6	0.6	0.6
1.1	1.1	1.1	1.1	1.1	1.1	1.1	1.1	1.1	1.1
3.1	3.1	3.1	3.1	3.1	3.1	3.1	3.1	3.1	3.1
0.5	0.5	0.5	0.5	0.5	0.5	0.5	0.5	0.5	0.5
0.7	0.7	0.7	0.7	0.7	0.7	0.7	0.7	0.7	0.7
0.8	0.8	0.8	0.8	0.8	0.8	0.8	0.8	0.8	0.8
2.4	2.4	2.4	2.4	2.4	2.4	2.4	2.4	2.4	2.4
1.0	1.0	1.0	1.0	1.0	1.0	1.0	1.0	1.0	1.0
0.4	0.4	0.4	0.4	0.4	0.4	0.4	0.4	0.4	0.4
0.6	0.6	0.6	0.6	0.6	0.6	0.6	0.6	0.6	0.6
3.1	3.1	3.1	3.1	3.1	3.1	3.1	3.1	3.1	3.1
1.1	1.1	1.1	1.1	1.1	1.1	1.1	1.1	1.1	1.1
1.3	1.3	1.3	1.3	1.3	1.3	1.3	1.3	1.3	1.3
0.2	0.2	0.2	0.2	0.2	0.2	0.2	0.2	0.2	0.2
2.9	2.9	2.9	2.9	2.9	2.9	2.9	2.9	2.9	2.9
0.3	0.3	0.3	0.3	0.3	0.3	0.3	0.3	0.3	0.3
2.2	2.2	2.2	2.2	2.2	2.2	2.2	2.2	2.2	2.2
2.3	2.3	2.3	2.3	2.3	2.3	2.3	2.3	2.3	2.3
2.7	2.7	2.7	2.7	2.7	2.7	2.7	2.7	2.7	2.7
0.1	0.1	0.1	0.1	0.1	0.1	0.1	0.1	0.1	0.1
1.2	1.2	1.2	1.2	1.2	1.2	1.2	1.2	1.2	1.2
0.7	0.7	0.7	0.7	0.7	0.7	0.7	0.7	0.7	0.7
1.8	1.8	1.8	1.8	1.8	1.8	1.8	1.8	1.8	1.8
1.4	1.4	1.4	1.4	1.4	1.4	1.4	1.4	1.4	1.4
1.0	1.0	1.0	1.0	1.0	1.0	1.0	1.0	1.0	1.0
1.4	1.4	1.4	1.4	1.4	1.4	1.4	1.4	1.4	1.4
0.6	0.6	0.6	0.6	0.6	0.6	0.6	0.6	0.6	0.6
1.0	1.0	1.0	1.0	1.0	1.0	1.0	1.0	1.0	1.0
1.0	1.0	1.0	1.0	1.0	1.0	1.0	1.0	1.0	1.0
0.5	0.5	0.5	0.5	0.5	0.5	0.5	0.5	0.5	0.5
0.6	0.6	0.6	0.6	0.6	0.6	0.6	0.6	0.6	0.6
1.5	1.5	1.5	1.5	1.5	1.5	1.5	1.5	1.5	1.5
0.4	0.4	0.4	0.4	0.4	0.4	0.4	0.4	0.4	0.4
3.3	3.3	3.3	3.3	3.3	3.3	3.3	3.3	3.3	3.3
1.1	1.1	1.1	1.1	1.1	1.1	1.1	1.1	1.1	1.1
0.6	0.6	0.6	0.6	0.6	0.6	0.6	0.6	0.6	0.6
0.7	0.7	0.7	0.7	0.7	0.7	0.7	0.7	0.7	0.7
1.9	1.9	1.9	1.9	1.9	1.9	1.9	1.9	1.9	1.9
0.8	0.8	0.8	0.8	0.8	0.8	0.8	0.8	0.8	0.8
1.8	1.8	1.8	1.8	1.8	1.8	1.8	1.8	1.8	1.8
0.8	0.8	0.8	0.8	0.8	0.8	0.8	0.8	0.8	0.8
1.4	1.4	1.4	1.4	1.4	1.4	1.4	1.4	1.4	1.4
1.8	1.8	1.8	1.8	1.8	1.8	1.8	1.8	1.8	1.8
2.3	2.3	2.3	2.3	2.3	2.3	2.3	2.3	2.3	2.3
0.2	0.2	0.2	0.2	0.2	0.2	0.2	0.2	0.2	0.2
1.1	1.1	1.1	1.1	1.1	1.1	1.1	1.1	1.1	1.1
1.5	1.5	1.5	1.5	1.5	1.5	1.5	1.5	1.5	1.5
0.8	0.8	0.8	0.8	0.8	0.8	0.8	0.8	0.8	0.8
0.1	0.1	0.1	0.1	0.1	0.1	0.1	0.1	0.1	0.1
2.4	2.4	2.4	2.4	2.4	2.4	2.4	2.4	2.4	2.4
1.5	1.5	1.5	1.5	1.5	1.5	1.5	1.5	1.5	1.5
0.5	0.5	0.5	0.5	0.5	0.5	0.5	0.5	0.5	0.5
1.2	1.2	1.2	1.2	1.2	1.2	1.2	1.2	1.2	1.2
1.0	1.0	1.0	1.0	1.0	1.0	1.0	1.0	1.0	1.0
1.2	1.2	1.2	1.2	1.2	1.2	1.2	1.2	1.2	1.2
2.7	2.7	2.7	2.7	2.7	2.7	2.7	2.7	2.7	2.7
1.0	1.0	1.0	1.0	1.0	1.0	1.0	1.0	1.0	1.0
1.8	1.8	1.8	1.8	1.8	1.8	1.8	1.8	1.8	1.8
0.7	0.7	0.7	0.7	0.7	0.7	0.7	0.7	0.7	0.7
1.9	1.9	1.9	1.9	1.9	1.9	1.9	1.9	1.9	1.9
2.3	2.3	2.3	2.3	2.3	2.3	2.3	2.3	2.3	2.3
2.2	2.2	2.2	2.2	2.2	2.2	2.2	2.2	2.2	2.2
2.2	2.2	2.2	2.2	2.2	2.2	2.2	2.2	2.2	2.2
1.2	1.2	1.2	1.2	1.2	1.2	1.2	1.2	1.2	1.2
1.0	1.0	1.0	1.0	1.0	1.0	1.0	1.0	1.0	1.0
1.2	1.2	1.2	1.2	1.2	1.2	1.2	1.2	1.2	1.2
1.6	1.6	1.6	1.6	1.6	1.6	1.6	1.6	1.6	1.6
1.2	1.2	1.2	1.2	1.2	1.2	1.2	1.2	1.2	1.2
0.7	0.7	0.7	0.7	0.7	0.7	0.7	0.7	0.7	0.7
1.3	1.3	1.3	1.3	1.3	1.3	1.3	1.3	1.3	1.3
1.8	1.8	1.8	1.8	1.8	1.8	1.8	1.8	1.8	1.8
1.4	1.4	1.4	1.4	1.4	1.4	1.4	1.4	1.4	1.4
1.0	1.0	1.0	1.0	1.0	1.0	1.0	1.0	1.0	1.0
0.6	0.6	0.6	0.6	0.6	0.6	0.6	0.6	0.6	0.6
1.4	1.4	1.4	1.4	1.4	1.4	1.4	1.4	1.4	1.4
1.3	1.3	1.3	1.3	1.3	1.3	1.3	1.3	1.3	1.3
1.3	1.3	1.3	1.3	1.3	1.3	1.3	1.3	1.3	1.3
1.2	1.2	1.2	1.2	1.2	1.2	1.2	1.2	1.2	1.2
0.7	0.7	0.7	0.7	0.7	0.7	0.7	0.7	0.7	0.7
1.4	1.4	1.4	1.4	1.4	1.4	1.4	1.4	1.4	1.4
0.1	0.1	0.1	0.1	0.1	0.1	0.1	0.1	0.1	0.1
1.1	1.1	1.1	1.1	1.1	1.1	1.1	1.1	1.1	1.1
0.9	0.9	0.9	0.9	0.9	0.9	0.9	0.9	0.9	0.9
0.4	0.4	0.4	0.4	0.4	0.4	0.4	0.4	0.4	0.4
2.9	2.9	2.9	2.9	2.9	2.9	2.9	2.9	2.9	2.9
1.8	1.8	1.8	1.8	1.8	1.8	1.8	1.8	1.8	1.8
1.4	1.4	1.4	1.4	1.4	1.4	1.4	1.4	1.4	1.4
1.4	1.4	1.4	1.4	1.4	1.4	1.4	1.4	1.4	1.4
1.8	1.8	1.8	1.8	1.8	1.8	1.8	1.8	1.8	1.8
1.9	1.9	1.9	1.9	1.9	1.9	1.9	1.9	1.9	1.9
2.0	2.0	2.0	2.0	2.0	2.0	2.0	2.0	2.0	2.0
2.3	2.3	2.3	2.3	2.3	2.3	2.3	2.3	2.3	2.3
1.7	1.7	1.7	1.7	1.7	1.7	1.7	1.7	1.7	1.7
1.8	1.8	1.8	1.8	1.8	1.8	1.8	1.8	1.8	1.8
2.1	2.1	2.1	2.1	2.1	2.1	2.1	2.1	2.1	2.1
3.8	3.8	3.8	3.8	3.8	3.8	3.8	3.8	3.8	3.8
2.2	2.2	2.2	2.2	2.2	2.2	2.2	2.2	2.2	2.2
1.7	1.7	1.7	1.7	1.7	1.7	1.7	1.7	1.7	1.7
1.9	1.9	1.9	1.9	1.9	1.9	1.9	1.9	1.9	1.9
0.7	0.7	0.7	0.7	0.7	0.7	0.7	0.7	0.7	0.7
3.1	3.1	3.1	3.1	3.1	3.1	3.1	3.1	3.1	3.1
0.5	0.5	0.5	0.5	0.5	0.5	0.5	0.5	0.5	0.5
2.1	2.1	2.1	2.1	2.1	2.1	2.1	2.1	2.1	2.1
2.1	2.1	2.1	2.1	2.1	2.1	2.1	2.1	2.1	2.1
0.4	0.4	0.4	0.4	0.4	0.4	0.4	0.4	0.4	0.4
1.3	1.3	1.3	1.3	1.3	1.3	1.3	1.3	1.3	1.3
1.8	1.8	1.8	1.8	1.8	1.8	1.8	1.8	1.8	1.8
0.8	0.8	0.8	0.8	0.8	0.8	0.8	0.8	0.8	0.8
0.9	0.9	0.9	0.9	0.9	0.9	0.9	0.9	0.9	0.9
1.2	1.2	1.2	1.2	1.2	1.2	1.2	1.2	1.2	1.2
2.2	2.2	2.2	2.2	2.2	2.2	2.2	2.2	2.2	2.2
0.9	0.9	0.9	0.9	0.9	0.9	0.9	0.9	0.9	0.9
0.8	0.8	0.8	0.8	0.8	0.8	0.8	0.8	0.8	0.8
0.6	0.6	0.6	0.6	0.6	0.6	0.6	0.6	0.6	0.6
0.5	0.5	0.5	0.5	0.5	0.5	0.5	0.5	0.5	0.5
2.6	2.6	2.6	2.6	2.6	2.6	2.6	2.6	2.6	2.6
0.9	0.9	0.9	0.9	0.9	0.9	0.9	0.9	0.9	0.9
1.5	1.5	1.5	1.5	1.5	1.5	1.5	1.5	1.5	1.5
0.8	0.8	0.8	0.8	0.8	0.8	0.8	0.8	0.8	0.8
0.3	0.3	0.3	0.3	0.3	0.3	0.3	0.3	0.3	0.3
3.1	3.1	3.1	3.1	3.1	3.1	3.1	3.1	3.1	3.1
1.5	1.5	1.5	1.5	1.5	1.5	1.5	1.5	1.5	1.5
0.3	0.3	0.3	0.3	0.3	0.3	0.3	0.3	0.3	0.3
0.2	0.2	0.2	0.2	0.2	0.2	0.2	0.2	0.2	0.2
1.5	1.5	1.5	1.5	1.5	1.5	1.5	1.5	1.5	1.5
0.7	0.7	0.7	0.7	0.7	0.7	0.7	0.7	0.7	0.7
1.9	1.9	1.9	1.9	1.9	1.9	1.9	1.9	1.9	1.9
1.3	1.3	1.3	1.3	1.3	1.3	1.3	1.3	1.3	1.3
1.0	1.0	1.0	1.0	1.0	1.0	1.0	1.0	1.0	1.0
0.9	0.9	0.9	0.9	0.9	0.9	0.9	0.9	0.9	0.9
3.3	3.3	3.3	3.3	3.3	3.3	3.3	3.3	3.3	3.3
1.9	1.9	1.9	1.9	1.9	1.9	1.9	1.9	1.9	1.9
1.6	1.6	1.6	1.6	1.6	1.6	1.6	1.6	1.6	1.6
0.2	0.2	0.2	0.2	0.2	0.2	0.2	0.2	0.2	0.2
1.6	1.6	1.6	1.6	1.6	1.6	1.6	1.6	1.6	1.6
1.6	1.6	1.6	1.6	1.6	1.6	1.6	1.6	1.6	1.6
0.7	0.7	0.7	0.7	0.7	0.7	0.7	0.7	0.7	0.7
1.8	1.8	1.8	1.8	1.8	1.8	1.8	1.8	1.8	1.8
0.7	0.7	0.7	0.7	0.7	0.7	0.7	0.7	0.7	0.7
1.5	1.5	1.5	1.5	1.5	1.5	1.5	1.5	1.5	1.5
1.9	1.9	1.9	1.9	1.9	1.9	1.9	1.9	1.9	1.9
1.1	1.1	1.1	1.1	1.1	1.1	1.1	1.1	1.1	1.1
0.4	0.4	0.4	0.4	0.4	0.4	0.4	0.4	0.4	0.4
0.3	0.3	0.3	0.3	0.3	0.3	0.3	0.3	0.3	0.3
1.1	1.1	1.1	1.1	1.1	1.1	1.1	1.1	1.1	1.1
0.7	0.7	0.7	0.7	0.7	0.7	0.7	0.7	0.7	0.7
0.6	0.6	0.6	0.6	0.6	0.6	0.6	0.6	0.6	0.6
0.3	0.3	0.3	0.3	0.3	0.3	0.3	0.3	0.3	0.3
4.3	4.3	4.3	4.3	4.3	4.3	4.3	4.3	4.3	4.3
0.3	0.3	0.3	0.3	0.3	0.3	0.3	0.3	0.3	0.3
2.1	2.1	2.1	2.1	2.1	2.1	2.1	2.1	2.1	2.1
2.5	2.5	2.5	2.5	2.5	2.5	2.5	2.5	2.5	2.5
2.6	2.6	2.6	2.6	2.6	2.6	2.6	2.6	2.6	2.6
2.2	2.2	2.2	2.2	2.2	2.2	2.2	2.2	2.2	2.2
0.5	0.5	0.5	0.5	0.5	0.5	0.5	0.5	0.5	0.5
0.1	0.1	0.1	0.1	0.1	0.1	0.1	0.1	0.1	0.1
0.1	0.1	0.1	0.1	0.1	0.1	0.1	0.1	0.1	0.1
3.1	3.1	3.1	3.1	3.1	3.1	3.1	3.1	3.1	3.1
1.4	1.4	1.4	1.4	1.4	1.4	1.4	1.4	1.4	1.4
1.5	1.5	1.5	1.5	1.5	1.5	1.5	1.5	1.5	1.5
0.7	0.7	0.7	0.7	0.7	0.7	0.7	0.7	0.7	0.7
1.0	1.0	1.0	1.0	1.0	1.0	1.0	1.0	1.0	1.0
2.5	2.5	2.5	2.5	2.5	2.5	2.5	2.5	2.5	2.5
0.8	0.8	0.8	0.8	0.8	0.8	0.8	0.8	0.8	0.8
1.4	1.4	1.4	1.4	1.4	1.4	1.4	1.4	1.4	1.4
1.0	1.0	1.0	1.0	1.0	1.0	1.0	1.0	1.0	1.0
1.0	1.0	1.0	1.0	1.0	1.0	1.0	1.0	1.0	1.0
1.3	1.3	1.3	1.3	1.3	1.3	1.3	1.3	1.3	1.3
0.9	0.9	0.9	0.9	0.9	0.9	0.9	0.9	0.9	0.9
0.6	0.6	0.6	0.6	0.6	0.6	0.6	0.6	0.6	0.6
0.8	0.8	0.8	0.8	0.8	0.8	0.8	0.8	0.8	0.8
0.2	0.2	0.2	0.2	0.2	0.2	0.2	0.2	0.2	0.2
0.1	0.1	0.1	0.1	0.1	0.1	0.1	0.1	0.1	0.1
1.9	1.9	1.9	1.9	1.9	1.9	1.9	1.9	1.9	1.9
0.7	0.7	0.7	0.7	0.7	0.7	0.7	0.7	0.7	0.7
3.2	3.2	3.2	3.2	3.2	3.2	3.2	3.2	3.2	3.2
1.6	1.6	1.6	1.6	1.6	1.6	1.6	1.6	1.6	1.6
0.4	0.4	0.4	0.4	0.4	0.4	0.4	0.4	0.4	0.4
0.6	0.6	0.6	0.6	0.6	0.6	0.6	0.6	0.6	0.6
1.4	1.4	1.4	1.4	1.4	1.4	1.4	1.4	1.4	1.4
0.6	0.6	0.6	0.6	0.6	0.6	0.6	0.6	0.6	0.6
0.4	0.4	0.4	0.4	0.4	0.4	0.4	0.4	0.4	0.4
0.3	0.3	0.3	0.3	0.3	0.3	0.3	0.3	0.3	0.3
0.5	0.5	0.5	0.5	0.5	0.5	0.5	0.5	0.5	0.5
1.4	1.4	1.4	1.4	1.4	1.4	1.4	1.4	1.4	1.4
1.1	1.1	1.1	1.1	1.1	1.1	1.1	1.1	1.1	1.1
0.8	0.8	0.8	0.8	0.8	0.8	0.8	0.8	0.8	0.8
0.4	0.4	0.4	0.4	0.4	0.4	0.4	0.4	0.4	0.4
2.3	2.3	2.3	2.3	2.3	2.3	2.3	2.3	2.3	2.3
]
