N_MACHINES:5	N_JOBS:200	CHARGING_TIME:60	INITIAL_CHARGE:10
D:[
1	1	1	1	1
8	8	8	8	8
25	25	25	25	25
34	34	34	34	34
24	24	24	24	24
30	30	30	30	30
13	13	13	13	13
24	24	24	24	24
8	8	8	8	8
45	45	45	45	45
32	32	32	32	32
17	17	17	17	17
22	22	22	22	22
40	40	40	40	40
51	51	51	51	51
26	26	26	26	26
0	0	0	0	0
37	37	37	37	37
16	16	16	16	16
34	34	34	34	34
12	12	12	12	12
31	31	31	31	31
16	16	16	16	16
10	10	10	10	10
38	38	38	38	38
16	16	16	16	16
23	23	23	23	23
23	23	23	23	23
11	11	11	11	11
13	13	13	13	13
58	58	58	58	58
52	52	52	52	52
15	15	15	15	15
24	24	24	24	24
5	5	5	5	5
23	23	23	23	23
13	13	13	13	13
14	14	14	14	14
42	42	42	42	42
36	36	36	36	36
26	26	26	26	26
12	12	12	12	12
22	22	22	22	22
16	16	16	16	16
1	1	1	1	1
22	22	22	22	22
27	27	27	27	27
3	3	3	3	3
10	10	10	10	10
37	37	37	37	37
35	35	35	35	35
33	33	33	33	33
10	10	10	10	10
37	37	37	37	37
20	20	20	20	20
30	30	30	30	30
26	26	26	26	26
13	13	13	13	13
26	26	26	26	26
3	3	3	3	3
74	74	74	74	74
14	14	14	14	14
21	21	21	21	21
25	25	25	25	25
66	66	66	66	66
18	18	18	18	18
17	17	17	17	17
1	1	1	1	1
46	46	46	46	46
29	29	29	29	29
35	35	35	35	35
48	48	48	48	48
16	16	16	16	16
2	2	2	2	2
40	40	40	40	40
8	8	8	8	8
44	44	44	44	44
19	19	19	19	19
31	31	31	31	31
39	39	39	39	39
8	8	8	8	8
39	39	39	39	39
66	66	66	66	66
54	54	54	54	54
12	12	12	12	12
2	2	2	2	2
39	39	39	39	39
15	15	15	15	15
50	50	50	50	50
40	40	40	40	40
19	19	19	19	19
10	10	10	10	10
2	2	2	2	2
36	36	36	36	36
7	7	7	7	7
25	25	25	25	25
14	14	14	14	14
47	47	47	47	47
16	16	16	16	16
32	32	32	32	32
18	18	18	18	18
11	11	11	11	11
14	14	14	14	14
70	70	70	70	70
20	20	20	20	20
34	34	34	34	34
38	38	38	38	38
37	37	37	37	37
60	60	60	60	60
50	50	50	50	50
43	43	43	43	43
47	47	47	47	47
25	25	25	25	25
4	4	4	4	4
9	9	9	9	9
23	23	23	23	23
24	24	24	24	24
20	20	20	20	20
37	37	37	37	37
24	24	24	24	24
18	18	18	18	18
19	19	19	19	19
9	9	9	9	9
14	14	14	14	14
25	25	25	25	25
42	42	42	42	42
14	14	14	14	14
15	15	15	15	15
40	40	40	40	40
28	28	28	28	28
21	21	21	21	21
12	12	12	12	12
29	29	29	29	29
39	39	39	39	39
16	16	16	16	16
0	0	0	0	0
77	77	77	77	77
28	28	28	28	28
19	19	19	19	19
2	2	2	2	2
6	6	6	6	6
32	32	32	32	32
61	61	61	61	61
39	39	39	39	39
36	36	36	36	36
15	15	15	15	15
33	33	33	33	33
11	11	11	11	11
44	44	44	44	44
1	1	1	1	1
17	17	17	17	17
26	26	26	26	26
1	1	1	1	1
27	27	27	27	27
24	24	24	24	24
9	9	9	9	9
45	45	45	45	45
20	20	20	20	20
10	10	10	10	10
27	27	27	27	27
45	45	45	45	45
9	9	9	9	9
8	8	8	8	8
1	1	1	1	1
17	17	17	17	17
22	22	22	22	22
38	38	38	38	38
5	5	5	5	5
18	18	18	18	18
30	30	30	30	30
7	7	7	7	7
29	29	29	29	29
15	15	15	15	15
40	40	40	40	40
27	27	27	27	27
2	2	2	2	2
24	24	24	24	24
41	41	41	41	41
28	28	28	28	28
47	47	47	47	47
20	20	20	20	20
37	37	37	37	37
50	50	50	50	50
35	35	35	35	35
47	47	47	47	47
4	4	4	4	4
21	21	21	21	21
44	44	44	44	44
0	0	0	0	0
4	4	4	4	4
39	39	39	39	39
28	28	28	28	28
30	30	30	30	30
29	29	29	29	29
19	19	19	19	19
7	7	7	7	7
13	13	13	13	13
43	43	43	43	43
40	40	40	40	40
4	4	4	4	4
]
w:[
0.8	0.8	0.8	0.8	0.8
2.6	2.6	2.6	2.6	2.6
2.1	2.1	2.1	2.1	2.1
1.2	1.2	1.2	1.2	1.2
0.9	0.9	0.9	0.9	0.9
1.3	1.3	1.3	1.3	1.3
1.5	1.5	1.5	1.5	1.5
0.3	0.3	0.3	0.3	0.3
1.3	1.3	1.3	1.3	1.3
0.1	0.1	0.1	0.1	0.1
1.6	1.6	1.6	1.6	1.6
2.4	2.4	2.4	2.4	2.4
1.8	1.8	1.8	1.8	1.8
1.1	1.1	1.1	1.1	1.1
0.5	0.5	0.5	0.5	0.5
0.4	0.4	0.4	0.4	0.4
1.8	1.8	1.8	1.8	1.8
2.5	2.5	2.5	2.5	2.5
0.4	0.4	0.4	0.4	0.4
0.5	0.5	0.5	0.5	0.5
0.8	0.8	0.8	0.8	0.8
1.4	1.4	1.4	1.4	1.4
0.9	0.9	0.9	0.9	0.9
0.3	0.3	0.3	0.3	0.3
2.0	2.0	2.0	2.0	2.0
1.8	1.8	1.8	1.8	1.8
0.2	0.2	0.2	0.2	0.2
1.1	1.1	1.1	1.1	1.1
1.6	1.6	1.6	1.6	1.6
2.5	2.5	2.5	2.5	2.5
1.6	1.6	1.6	1.6	1.6
0.9	0.9	0.9	0.9	0.9
1.1	1.1	1.1	1.1	1.1
1.4	1.4	1.4	1.4	1.4
1.7	1.7	1.7	1.7	1.7
2.5	2.5	2.5	2.5	2.5
2.3	2.3	2.3	2.3	2.3
1.3	1.3	1.3	1.3	1.3
1.4	1.4	1.4	1.4	1.4
1.2	1.2	1.2	1.2	1.2
2.8	2.8	2.8	2.8	2.8
1.3	1.3	1.3	1.3	1.3
0.5	0.5	0.5	0.5	0.5
0.5	0.5	0.5	0.5	0.5
1.4	1.4	1.4	1.4	1.4
1.0	1.0	1.0	1.0	1.0
0.5	0.5	0.5	0.5	0.5
1.6	1.6	1.6	1.6	1.6
0.1	0.1	0.1	0.1	0.1
0.2	0.2	0.2	0.2	0.2
1.3	1.3	1.3	1.3	1.3
4.1	4.1	4.1	4.1	4.1
1.4	1.4	1.4	1.4	1.4
0.2	0.2	0.2	0.2	0.2
2.6	2.6	2.6	2.6	2.6
0.1	0.1	0.1	0.1	0.1
3.8	3.8	3.8	3.8	3.8
1.4	1.4	1.4	1.4	1.4
0.4	0.4	0.4	0.4	0.4
0.7	0.7	0.7	0.7	0.7
1.3	1.3	1.3	1.3	1.3
0.6	0.6	0.6	0.6	0.6
1.5	1.5	1.5	1.5	1.5
0.3	0.3	0.3	0.3	0.3
0.8	0.8	0.8	0.8	0.8
2.2	2.2	2.2	2.2	2.2
1.6	1.6	1.6	1.6	1.6
3.0	3.0	3.0	3.0	3.0
1.0	1.0	1.0	1.0	1.0
1.2	1.2	1.2	1.2	1.2
3.3	3.3	3.3	3.3	3.3
0.4	0.4	0.4	0.4	0.4
0.8	0.8	0.8	0.8	0.8
1.7	1.7	1.7	1.7	1.7
1.7	1.7	1.7	1.7	1.7
1.2	1.2	1.2	1.2	1.2
1.1	1.1	1.1	1.1	1.1
0.4	0.4	0.4	0.4	0.4
1.3	1.3	1.3	1.3	1.3
0.5	0.5	0.5	0.5	0.5
1.7	1.7	1.7	1.7	1.7
2.9	2.9	2.9	2.9	2.9
0.6	0.6	0.6	0.6	0.6
1.8	1.8	1.8	1.8	1.8
2.0	2.0	2.0	2.0	2.0
2.4	2.4	2.4	2.4	2.4
1.2	1.2	1.2	1.2	1.2
0.1	0.1	0.1	0.1	0.1
2.5	2.5	2.5	2.5	2.5
1.8	1.8	1.8	1.8	1.8
1.0	1.0	1.0	1.0	1.0
0.4	0.4	0.4	0.4	0.4
1.3	1.3	1.3	1.3	1.3
0.4	0.4	0.4	0.4	0.4
3.1	3.1	3.1	3.1	3.1
0.8	0.8	0.8	0.8	0.8
0.8	0.8	0.8	0.8	0.8
0.5	0.5	0.5	0.5	0.5
1.2	1.2	1.2	1.2	1.2
1.6	1.6	1.6	1.6	1.6
0.8	0.8	0.8	0.8	0.8
2.5	2.5	2.5	2.5	2.5
0.7	0.7	0.7	0.7	0.7
2.1	2.1	2.1	2.1	2.1
0.3	0.3	0.3	0.3	0.3
1.8	1.8	1.8	1.8	1.8
1.7	1.7	1.7	1.7	1.7
1.3	1.3	1.3	1.3	1.3
1.0	1.0	1.0	1.0	1.0
1.3	1.3	1.3	1.3	1.3
3.2	3.2	3.2	3.2	3.2
0.7	0.7	0.7	0.7	0.7
0.3	0.3	0.3	0.3	0.3
3.5	3.5	3.5	3.5	3.5
1.4	1.4	1.4	1.4	1.4
0.1	0.1	0.1	0.1	0.1
0.8	0.8	0.8	0.8	0.8
1.0	1.0	1.0	1.0	1.0
2.5	2.5	2.5	2.5	2.5
1.7	1.7	1.7	1.7	1.7
0.7	0.7	0.7	0.7	0.7
0.1	0.1	0.1	0.1	0.1
0.6	0.6	0.6	0.6	0.6
1.8	1.8	1.8	1.8	1.8
0.9	0.9	0.9	0.9	0.9
2.0	2.0	2.0	2.0	2.0
0.7	0.7	0.7	0.7	0.7
1.0	1.0	1.0	1.0	1.0
1.6	1.6	1.6	1.6	1.6
2.1	2.1	2.1	2.1	2.1
1.3	1.3	1.3	1.3	1.3
1.9	1.9	1.9	1.9	1.9
0.4	0.4	0.4	0.4	0.4
0.4	0.4	0.4	0.4	0.4
2.2	2.2	2.2	2.2	2.2
1.6	1.6	1.6	1.6	1.6
0.1	0.1	0.1	0.1	0.1
3.9	3.9	3.9	3.9	3.9
0.5	0.5	0.5	0.5	0.5
1.1	1.1	1.1	1.1	1.1
0.8	0.8	0.8	0.8	0.8
1.6	1.6	1.6	1.6	1.6
1.2	1.2	1.2	1.2	1.2
0.8	0.8	0.8	0.8	0.8
0.9	0.9	0.9	0.9	0.9
0.7	0.7	0.7	0.7	0.7
0.2	0.2	0.2	0.2	0.2
2.4	2.4	2.4	2.4	2.4
1.0	1.0	1.0	1.0	1.0
0.4	0.4	0.4	0.4	0.4
0.7	0.7	0.7	0.7	0.7
0.9	0.9	0.9	0.9	0.9
0.1	0.1	0.1	0.1	0.1
0.8	0.8	0.8	0.8	0.8
0.6	0.6	0.6	0.6	0.6
1.1	1.1	1.1	1.1	1.1
0.4	0.4	0.4	0.4	0.4
1.5	1.5	1.5	1.5	1.5
1.6	1.6	1.6	1.6	1.6
1.0	1.0	1.0	1.0	1.0
0.7	0.7	0.7	0.7	0.7
1.4	1.4	1.4	1.4	1.4
2.8	2.8	2.8	2.8	2.8
3.4	3.4	3.4	3.4	3.4
1.6	1.6	1.6	1.6	1.6
1.8	1.8	1.8	1.8	1.8
3.1	3.1	3.1	3.1	3.1
2.4	2.4	2.4	2.4	2.4
2.1	2.1	2.1	2.1	2.1
1.6	1.6	1.6	1.6	1.6
0.2	0.2	0.2	0.2	0.2
1.2	1.2	1.2	1.2	1.2
1.5	1.5	1.5	1.5	1.5
2.6	2.6	2.6	2.6	2.6
0.8	0.8	0.8	0.8	0.8
0.7	0.7	0.7	0.7	0.7
2.8	2.8	2.8	2.8	2.8
0.8	0.8	0.8	0.8	0.8
0.4	0.4	0.4	0.4	0.4
3.0	3.0	3.0	3.0	3.0
1.4	1.4	1.4	1.4	1.4
2.4	2.4	2.4	2.4	2.4
1.0	1.0	1.0	1.0	1.0
0.5	0.5	0.5	0.5	0.5
2.5	2.5	2.5	2.5	2.5
1.9	1.9	1.9	1.9	1.9
0.1	0.1	0.1	0.1	0.1
0.7	0.7	0.7	0.7	0.7
0.2	0.2	0.2	0.2	0.2
1.3	1.3	1.3	1.3	1.3
0.4	0.4	0.4	0.4	0.4
0.9	0.9	0.9	0.9	0.9
0.2	0.2	0.2	0.2	0.2
2.3	2.3	2.3	2.3	2.3
1.1	1.1	1.1	1.1	1.1
1.3	1.3	1.3	1.3	1.3
0.1	0.1	0.1	0.1	0.1
1.0	1.0	1.0	1.0	1.0
1.8	1.8	1.8	1.8	1.8
0.4	0.4	0.4	0.4	0.4
]
