N_MACHINES:10	N_JOBS:200	CHARGING_TIME:60	INITIAL_CHARGE:10
D:[
13	13	13	13	13	13	13	13	13	13
17	17	17	17	17	17	17	17	17	17
44	44	44	44	44	44	44	44	44	44
28	28	28	28	28	28	28	28	28	28
35	35	35	35	35	35	35	35	35	35
56	56	56	56	56	56	56	56	56	56
45	45	45	45	45	45	45	45	45	45
39	39	39	39	39	39	39	39	39	39
102	102	102	102	102	102	102	102	102	102
35	35	35	35	35	35	35	35	35	35
14	14	14	14	14	14	14	14	14	14
35	35	35	35	35	35	35	35	35	35
22	22	22	22	22	22	22	22	22	22
52	52	52	52	52	52	52	52	52	52
85	85	85	85	85	85	85	85	85	85
44	44	44	44	44	44	44	44	44	44
20	20	20	20	20	20	20	20	20	20
29	29	29	29	29	29	29	29	29	29
43	43	43	43	43	43	43	43	43	43
19	19	19	19	19	19	19	19	19	19
57	57	57	57	57	57	57	57	57	57
14	14	14	14	14	14	14	14	14	14
53	53	53	53	53	53	53	53	53	53
6	6	6	6	6	6	6	6	6	6
41	41	41	41	41	41	41	41	41	41
8	8	8	8	8	8	8	8	8	8
51	51	51	51	51	51	51	51	51	51
52	52	52	52	52	52	52	52	52	52
32	32	32	32	32	32	32	32	32	32
36	36	36	36	36	36	36	36	36	36
83	83	83	83	83	83	83	83	83	83
43	43	43	43	43	43	43	43	43	43
40	40	40	40	40	40	40	40	40	40
48	48	48	48	48	48	48	48	48	48
9	9	9	9	9	9	9	9	9	9
19	19	19	19	19	19	19	19	19	19
50	50	50	50	50	50	50	50	50	50
57	57	57	57	57	57	57	57	57	57
46	46	46	46	46	46	46	46	46	46
30	30	30	30	30	30	30	30	30	30
57	57	57	57	57	57	57	57	57	57
64	64	64	64	64	64	64	64	64	64
41	41	41	41	41	41	41	41	41	41
43	43	43	43	43	43	43	43	43	43
17	17	17	17	17	17	17	17	17	17
84	84	84	84	84	84	84	84	84	84
46	46	46	46	46	46	46	46	46	46
47	47	47	47	47	47	47	47	47	47
37	37	37	37	37	37	37	37	37	37
13	13	13	13	13	13	13	13	13	13
17	17	17	17	17	17	17	17	17	17
36	36	36	36	36	36	36	36	36	36
33	33	33	33	33	33	33	33	33	33
20	20	20	20	20	20	20	20	20	20
47	47	47	47	47	47	47	47	47	47
44	44	44	44	44	44	44	44	44	44
63	63	63	63	63	63	63	63	63	63
13	13	13	13	13	13	13	13	13	13
52	52	52	52	52	52	52	52	52	52
28	28	28	28	28	28	28	28	28	28
28	28	28	28	28	28	28	28	28	28
17	17	17	17	17	17	17	17	17	17
95	95	95	95	95	95	95	95	95	95
13	13	13	13	13	13	13	13	13	13
70	70	70	70	70	70	70	70	70	70
60	60	60	60	60	60	60	60	60	60
42	42	42	42	42	42	42	42	42	42
12	12	12	12	12	12	12	12	12	12
18	18	18	18	18	18	18	18	18	18
14	14	14	14	14	14	14	14	14	14
72	72	72	72	72	72	72	72	72	72
56	56	56	56	56	56	56	56	56	56
13	13	13	13	13	13	13	13	13	13
48	48	48	48	48	48	48	48	48	48
4	4	4	4	4	4	4	4	4	4
56	56	56	56	56	56	56	56	56	56
18	18	18	18	18	18	18	18	18	18
14	14	14	14	14	14	14	14	14	14
31	31	31	31	31	31	31	31	31	31
6	6	6	6	6	6	6	6	6	6
85	85	85	85	85	85	85	85	85	85
47	47	47	47	47	47	47	47	47	47
22	22	22	22	22	22	22	22	22	22
3	3	3	3	3	3	3	3	3	3
65	65	65	65	65	65	65	65	65	65
57	57	57	57	57	57	57	57	57	57
39	39	39	39	39	39	39	39	39	39
17	17	17	17	17	17	17	17	17	17
18	18	18	18	18	18	18	18	18	18
30	30	30	30	30	30	30	30	30	30
29	29	29	29	29	29	29	29	29	29
6	6	6	6	6	6	6	6	6	6
35	35	35	35	35	35	35	35	35	35
14	14	14	14	14	14	14	14	14	14
4	4	4	4	4	4	4	4	4	4
93	93	93	93	93	93	93	93	93	93
28	28	28	28	28	28	28	28	28	28
56	56	56	56	56	56	56	56	56	56
19	19	19	19	19	19	19	19	19	19
3	3	3	3	3	3	3	3	3	3
0	0	0	0	0	0	0	0	0	0
65	65	65	65	65	65	65	65	65	65
22	22	22	22	22	22	22	22	22	22
115	115	115	115	115	115	115	115	115	115
36	36	36	36	36	36	36	36	36	36
54	54	54	54	54	54	54	54	54	54
44	44	44	44	44	44	44	44	44	44
73	73	73	73	73	73	73	73	73	73
43	43	43	43	43	43	43	43	43	43
37	37	37	37	37	37	37	37	37	37
37	37	37	37	37	37	37	37	37	37
18	18	18	18	18	18	18	18	18	18
60	60	60	60	60	60	60	60	60	60
68	68	68	68	68	68	68	68	68	68
65	65	65	65	65	65	65	65	65	65
4	4	4	4	4	4	4	4	4	4
8	8	8	8	8	8	8	8	8	8
26	26	26	26	26	26	26	26	26	26
93	93	93	93	93	93	93	93	93	93
5	5	5	5	5	5	5	5	5	5
92	92	92	92	92	92	92	92	92	92
49	49	49	49	49	49	49	49	49	49
24	24	24	24	24	24	24	24	24	24
16	16	16	16	16	16	16	16	16	16
40	40	40	40	40	40	40	40	40	40
25	25	25	25	25	25	25	25	25	25
17	17	17	17	17	17	17	17	17	17
64	64	64	64	64	64	64	64	64	64
70	70	70	70	70	70	70	70	70	70
28	28	28	28	28	28	28	28	28	28
68	68	68	68	68	68	68	68	68	68
57	57	57	57	57	57	57	57	57	57
28	28	28	28	28	28	28	28	28	28
76	76	76	76	76	76	76	76	76	76
8	8	8	8	8	8	8	8	8	8
89	89	89	89	89	89	89	89	89	89
75	75	75	75	75	75	75	75	75	75
22	22	22	22	22	22	22	22	22	22
4	4	4	4	4	4	4	4	4	4
29	29	29	29	29	29	29	29	29	29
32	32	32	32	32	32	32	32	32	32
25	25	25	25	25	25	25	25	25	25
37	37	37	37	37	37	37	37	37	37
15	15	15	15	15	15	15	15	15	15
75	75	75	75	75	75	75	75	75	75
47	47	47	47	47	47	47	47	47	47
71	71	71	71	71	71	71	71	71	71
21	21	21	21	21	21	21	21	21	21
87	87	87	87	87	87	87	87	87	87
21	21	21	21	21	21	21	21	21	21
2	2	2	2	2	2	2	2	2	2
12	12	12	12	12	12	12	12	12	12
41	41	41	41	41	41	41	41	41	41
57	57	57	57	57	57	57	57	57	57
58	58	58	58	58	58	58	58	58	58
34	34	34	34	34	34	34	34	34	34
70	70	70	70	70	70	70	70	70	70
37	37	37	37	37	37	37	37	37	37
33	33	33	33	33	33	33	33	33	33
32	32	32	32	32	32	32	32	32	32
30	30	30	30	30	30	30	30	30	30
17	17	17	17	17	17	17	17	17	17
17	17	17	17	17	17	17	17	17	17
3	3	3	3	3	3	3	3	3	3
13	13	13	13	13	13	13	13	13	13
39	39	39	39	39	39	39	39	39	39
39	39	39	39	39	39	39	39	39	39
68	68	68	68	68	68	68	68	68	68
20	20	20	20	20	20	20	20	20	20
57	57	57	57	57	57	57	57	57	57
26	26	26	26	26	26	26	26	26	26
50	50	50	50	50	50	50	50	50	50
1	1	1	1	1	1	1	1	1	1
12	12	12	12	12	12	12	12	12	12
50	50	50	50	50	50	50	50	50	50
16	16	16	16	16	16	16	16	16	16
75	75	75	75	75	75	75	75	75	75
6	6	6	6	6	6	6	6	6	6
3	3	3	3	3	3	3	3	3	3
27	27	27	27	27	27	27	27	27	27
69	69	69	69	69	69	69	69	69	69
69	69	69	69	69	69	69	69	69	69
11	11	11	11	11	11	11	11	11	11
12	12	12	12	12	12	12	12	12	12
104	104	104	104	104	104	104	104	104	104
2	2	2	2	2	2	2	2	2	2
34	34	34	34	34	34	34	34	34	34
5	5	5	5	5	5	5	5	5	5
26	26	26	26	26	26	26	26	26	26
77	77	77	77	77	77	77	77	77	77
27	27	27	27	27	27	27	27	27	27
26	26	26	26	26	26	26	26	26	26
67	67	67	67	67	67	67	67	67	67
89	89	89	89	89	89	89	89	89	89
19	19	19	19	19	19	19	19	19	19
20	20	20	20	20	20	20	20	20	20
53	53	53	53	53	53	53	53	53	53
6	6	6	6	6	6	6	6	6	6
7	7	7	7	7	7	7	7	7	7
21	21	21	21	21	21	21	21	21	21
]
w:[
0.8	0.8	0.8	0.8	0.8	0.8	0.8	0.8	0.8	0.8
3.7	3.7	3.7	3.7	3.7	3.7	3.7	3.7	3.7	3.7
2.7	2.7	2.7	2.7	2.7	2.7	2.7	2.7	2.7	2.7
6.8	6.8	6.8	6.8	6.8	6.8	6.8	6.8	6.8	6.8
1.3	1.3	1.3	1.3	1.3	1.3	1.3	1.3	1.3	1.3
5.2	5.2	5.2	5.2	5.2	5.2	5.2	5.2	5.2	5.2
3.1	3.1	3.1	3.1	3.1	3.1	3.1	3.1	3.1	3.1
4.1	4.1	4.1	4.1	4.1	4.1	4.1	4.1	4.1	4.1
3.1	3.1	3.1	3.1	3.1	3.1	3.1	3.1	3.1	3.1
0.8	0.8	0.8	0.8	0.8	0.8	0.8	0.8	0.8	0.8
1.5	1.5	1.5	1.5	1.5	1.5	1.5	1.5	1.5	1.5
1.1	1.1	1.1	1.1	1.1	1.1	1.1	1.1	1.1	1.1
1.1	1.1	1.1	1.1	1.1	1.1	1.1	1.1	1.1	1.1
4.5	4.5	4.5	4.5	4.5	4.5	4.5	4.5	4.5	4.5
0.4	0.4	0.4	0.4	0.4	0.4	0.4	0.4	0.4	0.4
1.7	1.7	1.7	1.7	1.7	1.7	1.7	1.7	1.7	1.7
2.3	2.3	2.3	2.3	2.3	2.3	2.3	2.3	2.3	2.3
4.5	4.5	4.5	4.5	4.5	4.5	4.5	4.5	4.5	4.5
1.0	1.0	1.0	1.0	1.0	1.0	1.0	1.0	1.0	1.0
3.1	3.1	3.1	3.1	3.1	3.1	3.1	3.1	3.1	3.1
0.6	0.6	0.6	0.6	0.6	0.6	0.6	0.6	0.6	0.6
2.4	2.4	2.4	2.4	2.4	2.4	2.4	2.4	2.4	2.4
1.5	1.5	1.5	1.5	1.5	1.5	1.5	1.5	1.5	1.5
1.8	1.8	1.8	1.8	1.8	1.8	1.8	1.8	1.8	1.8
0.8	0.8	0.8	0.8	0.8	0.8	0.8	0.8	0.8	0.8
1.2	1.2	1.2	1.2	1.2	1.2	1.2	1.2	1.2	1.2
5.4	5.4	5.4	5.4	5.4	5.4	5.4	5.4	5.4	5.4
3.3	3.3	3.3	3.3	3.3	3.3	3.3	3.3	3.3	3.3
3.8	3.8	3.8	3.8	3.8	3.8	3.8	3.8	3.8	3.8
2.6	2.6	2.6	2.6	2.6	2.6	2.6	2.6	2.6	2.6
4.2	4.2	4.2	4.2	4.2	4.2	4.2	4.2	4.2	4.2
3.2	3.2	3.2	3.2	3.2	3.2	3.2	3.2	3.2	3.2
1.3	1.3	1.3	1.3	1.3	1.3	1.3	1.3	1.3	1.3
3.5	3.5	3.5	3.5	3.5	3.5	3.5	3.5	3.5	3.5
1.9	1.9	1.9	1.9	1.9	1.9	1.9	1.9	1.9	1.9
1.0	1.0	1.0	1.0	1.0	1.0	1.0	1.0	1.0	1.0
0.7	0.7	0.7	0.7	0.7	0.7	0.7	0.7	0.7	0.7
3.0	3.0	3.0	3.0	3.0	3.0	3.0	3.0	3.0	3.0
2.6	2.6	2.6	2.6	2.6	2.6	2.6	2.6	2.6	2.6
0.9	0.9	0.9	0.9	0.9	0.9	0.9	0.9	0.9	0.9
3.4	3.4	3.4	3.4	3.4	3.4	3.4	3.4	3.4	3.4
3.8	3.8	3.8	3.8	3.8	3.8	3.8	3.8	3.8	3.8
1.7	1.7	1.7	1.7	1.7	1.7	1.7	1.7	1.7	1.7
3.3	3.3	3.3	3.3	3.3	3.3	3.3	3.3	3.3	3.3
0.7	0.7	0.7	0.7	0.7	0.7	0.7	0.7	0.7	0.7
1.7	1.7	1.7	1.7	1.7	1.7	1.7	1.7	1.7	1.7
1.8	1.8	1.8	1.8	1.8	1.8	1.8	1.8	1.8	1.8
1.6	1.6	1.6	1.6	1.6	1.6	1.6	1.6	1.6	1.6
3.3	3.3	3.3	3.3	3.3	3.3	3.3	3.3	3.3	3.3
2.2	2.2	2.2	2.2	2.2	2.2	2.2	2.2	2.2	2.2
1.4	1.4	1.4	1.4	1.4	1.4	1.4	1.4	1.4	1.4
2.5	2.5	2.5	2.5	2.5	2.5	2.5	2.5	2.5	2.5
1.9	1.9	1.9	1.9	1.9	1.9	1.9	1.9	1.9	1.9
3.1	3.1	3.1	3.1	3.1	3.1	3.1	3.1	3.1	3.1
4.5	4.5	4.5	4.5	4.5	4.5	4.5	4.5	4.5	4.5
0.1	0.1	0.1	0.1	0.1	0.1	0.1	0.1	0.1	0.1
3.1	3.1	3.1	3.1	3.1	3.1	3.1	3.1	3.1	3.1
2.3	2.3	2.3	2.3	2.3	2.3	2.3	2.3	2.3	2.3
0.7	0.7	0.7	0.7	0.7	0.7	0.7	0.7	0.7	0.7
0.6	0.6	0.6	0.6	0.6	0.6	0.6	0.6	0.6	0.6
1.8	1.8	1.8	1.8	1.8	1.8	1.8	1.8	1.8	1.8
3.0	3.0	3.0	3.0	3.0	3.0	3.0	3.0	3.0	3.0
4.6	4.6	4.6	4.6	4.6	4.6	4.6	4.6	4.6	4.6
2.7	2.7	2.7	2.7	2.7	2.7	2.7	2.7	2.7	2.7
1.4	1.4	1.4	1.4	1.4	1.4	1.4	1.4	1.4	1.4
3.3	3.3	3.3	3.3	3.3	3.3	3.3	3.3	3.3	3.3
2.3	2.3	2.3	2.3	2.3	2.3	2.3	2.3	2.3	2.3
3.7	3.7	3.7	3.7	3.7	3.7	3.7	3.7	3.7	3.7
2.0	2.0	2.0	2.0	2.0	2.0	2.0	2.0	2.0	2.0
2.9	2.9	2.9	2.9	2.9	2.9	2.9	2.9	2.9	2.9
0.7	0.7	0.7	0.7	0.7	0.7	0.7	0.7	0.7	0.7
2.7	2.7	2.7	2.7	2.7	2.7	2.7	2.7	2.7	2.7
1.8	1.8	1.8	1.8	1.8	1.8	1.8	1.8	1.8	1.8
1.1	1.1	1.1	1.1	1.1	1.1	1.1	1.1	1.1	1.1
1.6	1.6	1.6	1.6	1.6	1.6	1.6	1.6	1.6	1.6
4.6	4.6	4.6	4.6	4.6	4.6	4.6	4.6	4.6	4.6
3.4	3.4	3.4	3.4	3.4	3.4	3.4	3.4	3.4	3.4
2.5	2.5	2.5	2.5	2.5	2.5	2.5	2.5	2.5	2.5
1.3	1.3	1.3	1.3	1.3	1.3	1.3	1.3	1.3	1.3
1.4	1.4	1.4	1.4	1.4	1.4	1.4	1.4	1.4	1.4
1.0	1.0	1.0	1.0	1.0	1.0	1.0	1.0	1.0	1.0
0.9	0.9	0.9	0.9	0.9	0.9	0.9	0.9	0.9	0.9
2.9	2.9	2.9	2.9	2.9	2.9	2.9	2.9	2.9	2.9
2.3	2.3	2.3	2.3	2.3	2.3	2.3	2.3	2.3	2.3
1.5	1.5	1.5	1.5	1.5	1.5	1.5	1.5	1.5	1.5
2.5	2.5	2.5	2.5	2.5	2.5	2.5	2.5	2.5	2.5
2.5	2.5	2.5	2.5	2.5	2.5	2.5	2.5	2.5	2.5
5.8	5.8	5.8	5.8	5.8	5.8	5.8	5.8	5.8	5.8
3.2	3.2	3.2	3.2	3.2	3.2	3.2	3.2	3.2	3.2
4.2	4.2	4.2	4.2	4.2	4.2	4.2	4.2	4.2	4.2
1.9	1.9	1.9	1.9	1.9	1.9	1.9	1.9	1.9	1.9
6.3	6.3	6.3	6.3	6.3	6.3	6.3	6.3	6.3	6.3
3.8	3.8	3.8	3.8	3.8	3.8	3.8	3.8	3.8	3.8
3.7	3.7	3.7	3.7	3.7	3.7	3.7	3.7	3.7	3.7
1.3	1.3	1.3	1.3	1.3	1.3	1.3	1.3	1.3	1.3
4.1	4.1	4.1	4.1	4.1	4.1	4.1	4.1	4.1	4.1
0.2	0.2	0.2	0.2	0.2	0.2	0.2	0.2	0.2	0.2
3.8	3.8	3.8	3.8	3.8	3.8	3.8	3.8	3.8	3.8
0.6	0.6	0.6	0.6	0.6	0.6	0.6	0.6	0.6	0.6
2.8	2.8	2.8	2.8	2.8	2.8	2.8	2.8	2.8	2.8
0.4	0.4	0.4	0.4	0.4	0.4	0.4	0.4	0.4	0.4
1.5	1.5	1.5	1.5	1.5	1.5	1.5	1.5	1.5	1.5
2.0	2.0	2.0	2.0	2.0	2.0	2.0	2.0	2.0	2.0
4.3	4.3	4.3	4.3	4.3	4.3	4.3	4.3	4.3	4.3
0.3	0.3	0.3	0.3	0.3	0.3	0.3	0.3	0.3	0.3
5.0	5.0	5.0	5.0	5.0	5.0	5.0	5.0	5.0	5.0
3.1	3.1	3.1	3.1	3.1	3.1	3.1	3.1	3.1	3.1
1.9	1.9	1.9	1.9	1.9	1.9	1.9	1.9	1.9	1.9
4.5	4.5	4.5	4.5	4.5	4.5	4.5	4.5	4.5	4.5
3.1	3.1	3.1	3.1	3.1	3.1	3.1	3.1	3.1	3.1
3.6	3.6	3.6	3.6	3.6	3.6	3.6	3.6	3.6	3.6
1.6	1.6	1.6	1.6	1.6	1.6	1.6	1.6	1.6	1.6
4.6	4.6	4.6	4.6	4.6	4.6	4.6	4.6	4.6	4.6
4.1	4.1	4.1	4.1	4.1	4.1	4.1	4.1	4.1	4.1
3.1	3.1	3.1	3.1	3.1	3.1	3.1	3.1	3.1	3.1
2.8	2.8	2.8	2.8	2.8	2.8	2.8	2.8	2.8	2.8
1.3	1.3	1.3	1.3	1.3	1.3	1.3	1.3	1.3	1.3
4.4	4.4	4.4	4.4	4.4	4.4	4.4	4.4	4.4	4.4
3.1	3.1	3.1	3.1	3.1	3.1	3.1	3.1	3.1	3.1
2.4	2.4	2.4	2.4	2.4	2.4	2.4	2.4	2.4	2.4
0.4	0.4	0.4	0.4	0.4	0.4	0.4	0.4	0.4	0.4
2.0	2.0	2.0	2.0	2.0	2.0	2.0	2.0	2.0	2.0
4.1	4.1	4.1	4.1	4.1	4.1	4.1	4.1	4.1	4.1
3.3	3.3	3.3	3.3	3.3	3.3	3.3	3.3	3.3	3.3
3.5	3.5	3.5	3.5	3.5	3.5	3.5	3.5	3.5	3.5
0.2	0.2	0.2	0.2	0.2	0.2	0.2	0.2	0.2	0.2
0.5	0.5	0.5	0.5	0.5	0.5	0.5	0.5	0.5	0.5
3.8	3.8	3.8	3.8	3.8	3.8	3.8	3.8	3.8	3.8
4.0	4.0	4.0	4.0	4.0	4.0	4.0	4.0	4.0	4.0
2.5	2.5	2.5	2.5	2.5	2.5	2.5	2.5	2.5	2.5
3.2	3.2	3.2	3.2	3.2	3.2	3.2	3.2	3.2	3.2
3.5	3.5	3.5	3.5	3.5	3.5	3.5	3.5	3.5	3.5
0.9	0.9	0.9	0.9	0.9	0.9	0.9	0.9	0.9	0.9
4.7	4.7	4.7	4.7	4.7	4.7	4.7	4.7	4.7	4.7
1.6	1.6	1.6	1.6	1.6	1.6	1.6	1.6	1.6	1.6
2.9	2.9	2.9	2.9	2.9	2.9	2.9	2.9	2.9	2.9
4.1	4.1	4.1	4.1	4.1	4.1	4.1	4.1	4.1	4.1
2.1	2.1	2.1	2.1	2.1	2.1	2.1	2.1	2.1	2.1
1.2	1.2	1.2	1.2	1.2	1.2	1.2	1.2	1.2	1.2
3.5	3.5	3.5	3.5	3.5	3.5	3.5	3.5	3.5	3.5
0.8	0.8	0.8	0.8	0.8	0.8	0.8	0.8	0.8	0.8
0.8	0.8	0.8	0.8	0.8	0.8	0.8	0.8	0.8	0.8
2.6	2.6	2.6	2.6	2.6	2.6	2.6	2.6	2.6	2.6
1.6	1.6	1.6	1.6	1.6	1.6	1.6	1.6	1.6	1.6
4.4	4.4	4.4	4.4	4.4	4.4	4.4	4.4	4.4	4.4
0.2	0.2	0.2	0.2	0.2	0.2	0.2	0.2	0.2	0.2
2.7	2.7	2.7	2.7	2.7	2.7	2.7	2.7	2.7	2.7
2.4	2.4	2.4	2.4	2.4	2.4	2.4	2.4	2.4	2.4
1.2	1.2	1.2	1.2	1.2	1.2	1.2	1.2	1.2	1.2
3.8	3.8	3.8	3.8	3.8	3.8	3.8	3.8	3.8	3.8
1.6	1.6	1.6	1.6	1.6	1.6	1.6	1.6	1.6	1.6
1.5	1.5	1.5	1.5	1.5	1.5	1.5	1.5	1.5	1.5
6.5	6.5	6.5	6.5	6.5	6.5	6.5	6.5	6.5	6.5
2.5	2.5	2.5	2.5	2.5	2.5	2.5	2.5	2.5	2.5
1.0	1.0	1.0	1.0	1.0	1.0	1.0	1.0	1.0	1.0
1.7	1.7	1.7	1.7	1.7	1.7	1.7	1.7	1.7	1.7
0.6	0.6	0.6	0.6	0.6	0.6	0.6	0.6	0.6	0.6
0.3	0.3	0.3	0.3	0.3	0.3	0.3	0.3	0.3	0.3
2.2	2.2	2.2	2.2	2.2	2.2	2.2	2.2	2.2	2.2
3.6	3.6	3.6	3.6	3.6	3.6	3.6	3.6	3.6	3.6
3.2	3.2	3.2	3.2	3.2	3.2	3.2	3.2	3.2	3.2
4.5	4.5	4.5	4.5	4.5	4.5	4.5	4.5	4.5	4.5
5.6	5.6	5.6	5.6	5.6	5.6	5.6	5.6	5.6	5.6
3.1	3.1	3.1	3.1	3.1	3.1	3.1	3.1	3.1	3.1
1.3	1.3	1.3	1.3	1.3	1.3	1.3	1.3	1.3	1.3
0.8	0.8	0.8	0.8	0.8	0.8	0.8	0.8	0.8	0.8
0.8	0.8	0.8	0.8	0.8	0.8	0.8	0.8	0.8	0.8
0.8	0.8	0.8	0.8	0.8	0.8	0.8	0.8	0.8	0.8
1.5	1.5	1.5	1.5	1.5	1.5	1.5	1.5	1.5	1.5
2.0	2.0	2.0	2.0	2.0	2.0	2.0	2.0	2.0	2.0
1.9	1.9	1.9	1.9	1.9	1.9	1.9	1.9	1.9	1.9
0.8	0.8	0.8	0.8	0.8	0.8	0.8	0.8	0.8	0.8
0.2	0.2	0.2	0.2	0.2	0.2	0.2	0.2	0.2	0.2
4.7	4.7	4.7	4.7	4.7	4.7	4.7	4.7	4.7	4.7
3.3	3.3	3.3	3.3	3.3	3.3	3.3	3.3	3.3	3.3
1.8	1.8	1.8	1.8	1.8	1.8	1.8	1.8	1.8	1.8
1.1	1.1	1.1	1.1	1.1	1.1	1.1	1.1	1.1	1.1
1.2	1.2	1.2	1.2	1.2	1.2	1.2	1.2	1.2	1.2
3.7	3.7	3.7	3.7	3.7	3.7	3.7	3.7	3.7	3.7
2.0	2.0	2.0	2.0	2.0	2.0	2.0	2.0	2.0	2.0
3.5	3.5	3.5	3.5	3.5	3.5	3.5	3.5	3.5	3.5
3.5	3.5	3.5	3.5	3.5	3.5	3.5	3.5	3.5	3.5
0.4	0.4	0.4	0.4	0.4	0.4	0.4	0.4	0.4	0.4
1.3	1.3	1.3	1.3	1.3	1.3	1.3	1.3	1.3	1.3
1.3	1.3	1.3	1.3	1.3	1.3	1.3	1.3	1.3	1.3
2.3	2.3	2.3	2.3	2.3	2.3	2.3	2.3	2.3	2.3
1.4	1.4	1.4	1.4	1.4	1.4	1.4	1.4	1.4	1.4
4.9	4.9	4.9	4.9	4.9	4.9	4.9	4.9	4.9	4.9
0.1	0.1	0.1	0.1	0.1	0.1	0.1	0.1	0.1	0.1
1.8	1.8	1.8	1.8	1.8	1.8	1.8	1.8	1.8	1.8
3.1	3.1	3.1	3.1	3.1	3.1	3.1	3.1	3.1	3.1
3.5	3.5	3.5	3.5	3.5	3.5	3.5	3.5	3.5	3.5
3.4	3.4	3.4	3.4	3.4	3.4	3.4	3.4	3.4	3.4
0.8	0.8	0.8	0.8	0.8	0.8	0.8	0.8	0.8	0.8
1.7	1.7	1.7	1.7	1.7	1.7	1.7	1.7	1.7	1.7
3.1	3.1	3.1	3.1	3.1	3.1	3.1	3.1	3.1	3.1
6.4	6.4	6.4	6.4	6.4	6.4	6.4	6.4	6.4	6.4
0.7	0.7	0.7	0.7	0.7	0.7	0.7	0.7	0.7	0.7
0.8	0.8	0.8	0.8	0.8	0.8	0.8	0.8	0.8	0.8
1.4	1.4	1.4	1.4	1.4	1.4	1.4	1.4	1.4	1.4
]
