N_MACHINES:10	N_JOBS:200	CHARGING_TIME:60	INITIAL_CHARGE:10
D:[
17	17	17	17	17	17	17	17	17	17
16	16	16	16	16	16	16	16	16	16
6	6	6	6	6	6	6	6	6	6
11	11	11	11	11	11	11	11	11	11
6	6	6	6	6	6	6	6	6	6
9	9	9	9	9	9	9	9	9	9
1	1	1	1	1	1	1	1	1	1
14	14	14	14	14	14	14	14	14	14
19	19	19	19	19	19	19	19	19	19
3	3	3	3	3	3	3	3	3	3
10	10	10	10	10	10	10	10	10	10
1	1	1	1	1	1	1	1	1	1
3	3	3	3	3	3	3	3	3	3
7	7	7	7	7	7	7	7	7	7
8	8	8	8	8	8	8	8	8	8
10	10	10	10	10	10	10	10	10	10
6	6	6	6	6	6	6	6	6	6
9	9	9	9	9	9	9	9	9	9
6	6	6	6	6	6	6	6	6	6
6	6	6	6	6	6	6	6	6	6
19	19	19	19	19	19	19	19	19	19
13	13	13	13	13	13	13	13	13	13
28	28	28	28	28	28	28	28	28	28
32	32	32	32	32	32	32	32	32	32
8	8	8	8	8	8	8	8	8	8
10	10	10	10	10	10	10	10	10	10
6	6	6	6	6	6	6	6	6	6
3	3	3	3	3	3	3	3	3	3
10	10	10	10	10	10	10	10	10	10
1	1	1	1	1	1	1	1	1	1
11	11	11	11	11	11	11	11	11	11
15	15	15	15	15	15	15	15	15	15
4	4	4	4	4	4	4	4	4	4
5	5	5	5	5	5	5	5	5	5
4	4	4	4	4	4	4	4	4	4
20	20	20	20	20	20	20	20	20	20
24	24	24	24	24	24	24	24	24	24
3	3	3	3	3	3	3	3	3	3
8	8	8	8	8	8	8	8	8	8
22	22	22	22	22	22	22	22	22	22
8	8	8	8	8	8	8	8	8	8
7	7	7	7	7	7	7	7	7	7
23	23	23	23	23	23	23	23	23	23
6	6	6	6	6	6	6	6	6	6
13	13	13	13	13	13	13	13	13	13
17	17	17	17	17	17	17	17	17	17
3	3	3	3	3	3	3	3	3	3
6	6	6	6	6	6	6	6	6	6
13	13	13	13	13	13	13	13	13	13
7	7	7	7	7	7	7	7	7	7
8	8	8	8	8	8	8	8	8	8
13	13	13	13	13	13	13	13	13	13
22	22	22	22	22	22	22	22	22	22
16	16	16	16	16	16	16	16	16	16
3	3	3	3	3	3	3	3	3	3
5	5	5	5	5	5	5	5	5	5
13	13	13	13	13	13	13	13	13	13
20	20	20	20	20	20	20	20	20	20
14	14	14	14	14	14	14	14	14	14
6	6	6	6	6	6	6	6	6	6
4	4	4	4	4	4	4	4	4	4
10	10	10	10	10	10	10	10	10	10
17	17	17	17	17	17	17	17	17	17
5	5	5	5	5	5	5	5	5	5
9	9	9	9	9	9	9	9	9	9
10	10	10	10	10	10	10	10	10	10
14	14	14	14	14	14	14	14	14	14
23	23	23	23	23	23	23	23	23	23
15	15	15	15	15	15	15	15	15	15
16	16	16	16	16	16	16	16	16	16
20	20	20	20	20	20	20	20	20	20
14	14	14	14	14	14	14	14	14	14
21	21	21	21	21	21	21	21	21	21
21	21	21	21	21	21	21	21	21	21
18	18	18	18	18	18	18	18	18	18
19	19	19	19	19	19	19	19	19	19
9	9	9	9	9	9	9	9	9	9
15	15	15	15	15	15	15	15	15	15
22	22	22	22	22	22	22	22	22	22
5	5	5	5	5	5	5	5	5	5
11	11	11	11	11	11	11	11	11	11
1	1	1	1	1	1	1	1	1	1
24	24	24	24	24	24	24	24	24	24
14	14	14	14	14	14	14	14	14	14
5	5	5	5	5	5	5	5	5	5
16	16	16	16	16	16	16	16	16	16
5	5	5	5	5	5	5	5	5	5
11	11	11	11	11	11	11	11	11	11
15	15	15	15	15	15	15	15	15	15
17	17	17	17	17	17	17	17	17	17
19	19	19	19	19	19	19	19	19	19
9	9	9	9	9	9	9	9	9	9
10	10	10	10	10	10	10	10	10	10
6	6	6	6	6	6	6	6	6	6
10	10	10	10	10	10	10	10	10	10
8	8	8	8	8	8	8	8	8	8
3	3	3	3	3	3	3	3	3	3
1	1	1	1	1	1	1	1	1	1
2	2	2	2	2	2	2	2	2	2
41	41	41	41	41	41	41	41	41	41
13	13	13	13	13	13	13	13	13	13
18	18	18	18	18	18	18	18	18	18
26	26	26	26	26	26	26	26	26	26
4	4	4	4	4	4	4	4	4	4
21	21	21	21	21	21	21	21	21	21
10	10	10	10	10	10	10	10	10	10
21	21	21	21	21	21	21	21	21	21
7	7	7	7	7	7	7	7	7	7
14	14	14	14	14	14	14	14	14	14
1	1	1	1	1	1	1	1	1	1
19	19	19	19	19	19	19	19	19	19
21	21	21	21	21	21	21	21	21	21
12	12	12	12	12	12	12	12	12	12
14	14	14	14	14	14	14	14	14	14
8	8	8	8	8	8	8	8	8	8
7	7	7	7	7	7	7	7	7	7
7	7	7	7	7	7	7	7	7	7
7	7	7	7	7	7	7	7	7	7
17	17	17	17	17	17	17	17	17	17
14	14	14	14	14	14	14	14	14	14
16	16	16	16	16	16	16	16	16	16
16	16	16	16	16	16	16	16	16	16
5	5	5	5	5	5	5	5	5	5
16	16	16	16	16	16	16	16	16	16
22	22	22	22	22	22	22	22	22	22
3	3	3	3	3	3	3	3	3	3
5	5	5	5	5	5	5	5	5	5
8	8	8	8	8	8	8	8	8	8
13	13	13	13	13	13	13	13	13	13
11	11	11	11	11	11	11	11	11	11
23	23	23	23	23	23	23	23	23	23
31	31	31	31	31	31	31	31	31	31
13	13	13	13	13	13	13	13	13	13
5	5	5	5	5	5	5	5	5	5
12	12	12	12	12	12	12	12	12	12
26	26	26	26	26	26	26	26	26	26
18	18	18	18	18	18	18	18	18	18
10	10	10	10	10	10	10	10	10	10
5	5	5	5	5	5	5	5	5	5
4	4	4	4	4	4	4	4	4	4
12	12	12	12	12	12	12	12	12	12
23	23	23	23	23	23	23	23	23	23
3	3	3	3	3	3	3	3	3	3
14	14	14	14	14	14	14	14	14	14
7	7	7	7	7	7	7	7	7	7
7	7	7	7	7	7	7	7	7	7
16	16	16	16	16	16	16	16	16	16
21	21	21	21	21	21	21	21	21	21
6	6	6	6	6	6	6	6	6	6
21	21	21	21	21	21	21	21	21	21
1	1	1	1	1	1	1	1	1	1
4	4	4	4	4	4	4	4	4	4
10	10	10	10	10	10	10	10	10	10
15	15	15	15	15	15	15	15	15	15
11	11	11	11	11	11	11	11	11	11
3	3	3	3	3	3	3	3	3	3
7	7	7	7	7	7	7	7	7	7
27	27	27	27	27	27	27	27	27	27
10	10	10	10	10	10	10	10	10	10
25	25	25	25	25	25	25	25	25	25
26	26	26	26	26	26	26	26	26	26
7	7	7	7	7	7	7	7	7	7
17	17	17	17	17	17	17	17	17	17
16	16	16	16	16	16	16	16	16	16
1	1	1	1	1	1	1	1	1	1
11	11	11	11	11	11	11	11	11	11
10	10	10	10	10	10	10	10	10	10
9	9	9	9	9	9	9	9	9	9
28	28	28	28	28	28	28	28	28	28
21	21	21	21	21	21	21	21	21	21
24	24	24	24	24	24	24	24	24	24
20	20	20	20	20	20	20	20	20	20
11	11	11	11	11	11	11	11	11	11
15	15	15	15	15	15	15	15	15	15
15	15	15	15	15	15	15	15	15	15
20	20	20	20	20	20	20	20	20	20
2	2	2	2	2	2	2	2	2	2
23	23	23	23	23	23	23	23	23	23
18	18	18	18	18	18	18	18	18	18
18	18	18	18	18	18	18	18	18	18
25	25	25	25	25	25	25	25	25	25
11	11	11	11	11	11	11	11	11	11
10	10	10	10	10	10	10	10	10	10
7	7	7	7	7	7	7	7	7	7
13	13	13	13	13	13	13	13	13	13
14	14	14	14	14	14	14	14	14	14
11	11	11	11	11	11	11	11	11	11
23	23	23	23	23	23	23	23	23	23
18	18	18	18	18	18	18	18	18	18
12	12	12	12	12	12	12	12	12	12
14	14	14	14	14	14	14	14	14	14
10	10	10	10	10	10	10	10	10	10
3	3	3	3	3	3	3	3	3	3
19	19	19	19	19	19	19	19	19	19
10	10	10	10	10	10	10	10	10	10
10	10	10	10	10	10	10	10	10	10
20	20	20	20	20	20	20	20	20	20
8	8	8	8	8	8	8	8	8	8
8	8	8	8	8	8	8	8	8	8
2	2	2	2	2	2	2	2	2	2
]
w:[
0.1	0.1	0.1	0.1	0.1	0.1	0.1	0.1	0.1	0.1
0.1	0.1	0.1	0.1	0.1	0.1	0.1	0.1	0.1	0.1
3.9	3.9	3.9	3.9	3.9	3.9	3.9	3.9	3.9	3.9
2.0	2.0	2.0	2.0	2.0	2.0	2.0	2.0	2.0	2.0
2.0	2.0	2.0	2.0	2.0	2.0	2.0	2.0	2.0	2.0
2.8	2.8	2.8	2.8	2.8	2.8	2.8	2.8	2.8	2.8
1.6	1.6	1.6	1.6	1.6	1.6	1.6	1.6	1.6	1.6
1.6	1.6	1.6	1.6	1.6	1.6	1.6	1.6	1.6	1.6
2.6	2.6	2.6	2.6	2.6	2.6	2.6	2.6	2.6	2.6
1.7	1.7	1.7	1.7	1.7	1.7	1.7	1.7	1.7	1.7
4.0	4.0	4.0	4.0	4.0	4.0	4.0	4.0	4.0	4.0
2.8	2.8	2.8	2.8	2.8	2.8	2.8	2.8	2.8	2.8
2.0	2.0	2.0	2.0	2.0	2.0	2.0	2.0	2.0	2.0
1.1	1.1	1.1	1.1	1.1	1.1	1.1	1.1	1.1	1.1
1.3	1.3	1.3	1.3	1.3	1.3	1.3	1.3	1.3	1.3
2.9	2.9	2.9	2.9	2.9	2.9	2.9	2.9	2.9	2.9
4.6	4.6	4.6	4.6	4.6	4.6	4.6	4.6	4.6	4.6
2.0	2.0	2.0	2.0	2.0	2.0	2.0	2.0	2.0	2.0
3.7	3.7	3.7	3.7	3.7	3.7	3.7	3.7	3.7	3.7
1.7	1.7	1.7	1.7	1.7	1.7	1.7	1.7	1.7	1.7
2.4	2.4	2.4	2.4	2.4	2.4	2.4	2.4	2.4	2.4
2.8	2.8	2.8	2.8	2.8	2.8	2.8	2.8	2.8	2.8
2.3	2.3	2.3	2.3	2.3	2.3	2.3	2.3	2.3	2.3
2.7	2.7	2.7	2.7	2.7	2.7	2.7	2.7	2.7	2.7
2.9	2.9	2.9	2.9	2.9	2.9	2.9	2.9	2.9	2.9
5.6	5.6	5.6	5.6	5.6	5.6	5.6	5.6	5.6	5.6
2.3	2.3	2.3	2.3	2.3	2.3	2.3	2.3	2.3	2.3
3.9	3.9	3.9	3.9	3.9	3.9	3.9	3.9	3.9	3.9
1.4	1.4	1.4	1.4	1.4	1.4	1.4	1.4	1.4	1.4
1.4	1.4	1.4	1.4	1.4	1.4	1.4	1.4	1.4	1.4
0.9	0.9	0.9	0.9	0.9	0.9	0.9	0.9	0.9	0.9
4.5	4.5	4.5	4.5	4.5	4.5	4.5	4.5	4.5	4.5
3.5	3.5	3.5	3.5	3.5	3.5	3.5	3.5	3.5	3.5
3.7	3.7	3.7	3.7	3.7	3.7	3.7	3.7	3.7	3.7
1.1	1.1	1.1	1.1	1.1	1.1	1.1	1.1	1.1	1.1
2.3	2.3	2.3	2.3	2.3	2.3	2.3	2.3	2.3	2.3
1.7	1.7	1.7	1.7	1.7	1.7	1.7	1.7	1.7	1.7
2.6	2.6	2.6	2.6	2.6	2.6	2.6	2.6	2.6	2.6
1.3	1.3	1.3	1.3	1.3	1.3	1.3	1.3	1.3	1.3
4.4	4.4	4.4	4.4	4.4	4.4	4.4	4.4	4.4	4.4
2.7	2.7	2.7	2.7	2.7	2.7	2.7	2.7	2.7	2.7
0.4	0.4	0.4	0.4	0.4	0.4	0.4	0.4	0.4	0.4
6.5	6.5	6.5	6.5	6.5	6.5	6.5	6.5	6.5	6.5
1.9	1.9	1.9	1.9	1.9	1.9	1.9	1.9	1.9	1.9
3.9	3.9	3.9	3.9	3.9	3.9	3.9	3.9	3.9	3.9
0.9	0.9	0.9	0.9	0.9	0.9	0.9	0.9	0.9	0.9
3.2	3.2	3.2	3.2	3.2	3.2	3.2	3.2	3.2	3.2
2.7	2.7	2.7	2.7	2.7	2.7	2.7	2.7	2.7	2.7
2.8	2.8	2.8	2.8	2.8	2.8	2.8	2.8	2.8	2.8
2.3	2.3	2.3	2.3	2.3	2.3	2.3	2.3	2.3	2.3
2.2	2.2	2.2	2.2	2.2	2.2	2.2	2.2	2.2	2.2
2.2	2.2	2.2	2.2	2.2	2.2	2.2	2.2	2.2	2.2
1.1	1.1	1.1	1.1	1.1	1.1	1.1	1.1	1.1	1.1
5.1	5.1	5.1	5.1	5.1	5.1	5.1	5.1	5.1	5.1
0.2	0.2	0.2	0.2	0.2	0.2	0.2	0.2	0.2	0.2
1.9	1.9	1.9	1.9	1.9	1.9	1.9	1.9	1.9	1.9
0.1	0.1	0.1	0.1	0.1	0.1	0.1	0.1	0.1	0.1
3.1	3.1	3.1	3.1	3.1	3.1	3.1	3.1	3.1	3.1
0.7	0.7	0.7	0.7	0.7	0.7	0.7	0.7	0.7	0.7
2.0	2.0	2.0	2.0	2.0	2.0	2.0	2.0	2.0	2.0
1.9	1.9	1.9	1.9	1.9	1.9	1.9	1.9	1.9	1.9
1.9	1.9	1.9	1.9	1.9	1.9	1.9	1.9	1.9	1.9
1.7	1.7	1.7	1.7	1.7	1.7	1.7	1.7	1.7	1.7
1.0	1.0	1.0	1.0	1.0	1.0	1.0	1.0	1.0	1.0
4.9	4.9	4.9	4.9	4.9	4.9	4.9	4.9	4.9	4.9
2.7	2.7	2.7	2.7	2.7	2.7	2.7	2.7	2.7	2.7
3.6	3.6	3.6	3.6	3.6	3.6	3.6	3.6	3.6	3.6
2.1	2.1	2.1	2.1	2.1	2.1	2.1	2.1	2.1	2.1
4.7	4.7	4.7	4.7	4.7	4.7	4.7	4.7	4.7	4.7
1.8	1.8	1.8	1.8	1.8	1.8	1.8	1.8	1.8	1.8
0.8	0.8	0.8	0.8	0.8	0.8	0.8	0.8	0.8	0.8
4.1	4.1	4.1	4.1	4.1	4.1	4.1	4.1	4.1	4.1
1.9	1.9	1.9	1.9	1.9	1.9	1.9	1.9	1.9	1.9
2.7	2.7	2.7	2.7	2.7	2.7	2.7	2.7	2.7	2.7
2.2	2.2	2.2	2.2	2.2	2.2	2.2	2.2	2.2	2.2
4.0	4.0	4.0	4.0	4.0	4.0	4.0	4.0	4.0	4.0
0.5	0.5	0.5	0.5	0.5	0.5	0.5	0.5	0.5	0.5
2.0	2.0	2.0	2.0	2.0	2.0	2.0	2.0	2.0	2.0
2.4	2.4	2.4	2.4	2.4	2.4	2.4	2.4	2.4	2.4
1.2	1.2	1.2	1.2	1.2	1.2	1.2	1.2	1.2	1.2
5.6	5.6	5.6	5.6	5.6	5.6	5.6	5.6	5.6	5.6
2.1	2.1	2.1	2.1	2.1	2.1	2.1	2.1	2.1	2.1
1.2	1.2	1.2	1.2	1.2	1.2	1.2	1.2	1.2	1.2
2.0	2.0	2.0	2.0	2.0	2.0	2.0	2.0	2.0	2.0
2.8	2.8	2.8	2.8	2.8	2.8	2.8	2.8	2.8	2.8
5.2	5.2	5.2	5.2	5.2	5.2	5.2	5.2	5.2	5.2
1.8	1.8	1.8	1.8	1.8	1.8	1.8	1.8	1.8	1.8
2.3	2.3	2.3	2.3	2.3	2.3	2.3	2.3	2.3	2.3
2.5	2.5	2.5	2.5	2.5	2.5	2.5	2.5	2.5	2.5
3.6	3.6	3.6	3.6	3.6	3.6	3.6	3.6	3.6	3.6
2.8	2.8	2.8	2.8	2.8	2.8	2.8	2.8	2.8	2.8
3.5	3.5	3.5	3.5	3.5	3.5	3.5	3.5	3.5	3.5
1.2	1.2	1.2	1.2	1.2	1.2	1.2	1.2	1.2	1.2
2.4	2.4	2.4	2.4	2.4	2.4	2.4	2.4	2.4	2.4
2.0	2.0	2.0	2.0	2.0	2.0	2.0	2.0	2.0	2.0
0.7	0.7	0.7	0.7	0.7	0.7	0.7	0.7	0.7	0.7
2.2	2.2	2.2	2.2	2.2	2.2	2.2	2.2	2.2	2.2
2.1	2.1	2.1	2.1	2.1	2.1	2.1	2.1	2.1	2.1
4.6	4.6	4.6	4.6	4.6	4.6	4.6	4.6	4.6	4.6
3.0	3.0	3.0	3.0	3.0	3.0	3.0	3.0	3.0	3.0
0.7	0.7	0.7	0.7	0.7	0.7	0.7	0.7	0.7	0.7
0.7	0.7	0.7	0.7	0.7	0.7	0.7	0.7	0.7	0.7
6.9	6.9	6.9	6.9	6.9	6.9	6.9	6.9	6.9	6.9
0.4	0.4	0.4	0.4	0.4	0.4	0.4	0.4	0.4	0.4
0.6	0.6	0.6	0.6	0.6	0.6	0.6	0.6	0.6	0.6
1.2	1.2	1.2	1.2	1.2	1.2	1.2	1.2	1.2	1.2
6.3	6.3	6.3	6.3	6.3	6.3	6.3	6.3	6.3	6.3
0.9	0.9	0.9	0.9	0.9	0.9	0.9	0.9	0.9	0.9
1.8	1.8	1.8	1.8	1.8	1.8	1.8	1.8	1.8	1.8
3.4	3.4	3.4	3.4	3.4	3.4	3.4	3.4	3.4	3.4
3.0	3.0	3.0	3.0	3.0	3.0	3.0	3.0	3.0	3.0
2.3	2.3	2.3	2.3	2.3	2.3	2.3	2.3	2.3	2.3
7.9	7.9	7.9	7.9	7.9	7.9	7.9	7.9	7.9	7.9
0.6	0.6	0.6	0.6	0.6	0.6	0.6	0.6	0.6	0.6
0.7	0.7	0.7	0.7	0.7	0.7	0.7	0.7	0.7	0.7
0.5	0.5	0.5	0.5	0.5	0.5	0.5	0.5	0.5	0.5
2.7	2.7	2.7	2.7	2.7	2.7	2.7	2.7	2.7	2.7
3.2	3.2	3.2	3.2	3.2	3.2	3.2	3.2	3.2	3.2
0.5	0.5	0.5	0.5	0.5	0.5	0.5	0.5	0.5	0.5
1.4	1.4	1.4	1.4	1.4	1.4	1.4	1.4	1.4	1.4
1.1	1.1	1.1	1.1	1.1	1.1	1.1	1.1	1.1	1.1
3.1	3.1	3.1	3.1	3.1	3.1	3.1	3.1	3.1	3.1
0.9	0.9	0.9	0.9	0.9	0.9	0.9	0.9	0.9	0.9
1.8	1.8	1.8	1.8	1.8	1.8	1.8	1.8	1.8	1.8
1.3	1.3	1.3	1.3	1.3	1.3	1.3	1.3	1.3	1.3
4.8	4.8	4.8	4.8	4.8	4.8	4.8	4.8	4.8	4.8
1.5	1.5	1.5	1.5	1.5	1.5	1.5	1.5	1.5	1.5
3.6	3.6	3.6	3.6	3.6	3.6	3.6	3.6	3.6	3.6
3.4	3.4	3.4	3.4	3.4	3.4	3.4	3.4	3.4	3.4
3.0	3.0	3.0	3.0	3.0	3.0	3.0	3.0	3.0	3.0
1.3	1.3	1.3	1.3	1.3	1.3	1.3	1.3	1.3	1.3
4.7	4.7	4.7	4.7	4.7	4.7	4.7	4.7	4.7	4.7
5.3	5.3	5.3	5.3	5.3	5.3	5.3	5.3	5.3	5.3
0.8	0.8	0.8	0.8	0.8	0.8	0.8	0.8	0.8	0.8
1.7	1.7	1.7	1.7	1.7	1.7	1.7	1.7	1.7	1.7
0.9	0.9	0.9	0.9	0.9	0.9	0.9	0.9	0.9	0.9
2.6	2.6	2.6	2.6	2.6	2.6	2.6	2.6	2.6	2.6
0.8	0.8	0.8	0.8	0.8	0.8	0.8	0.8	0.8	0.8
0.4	0.4	0.4	0.4	0.4	0.4	0.4	0.4	0.4	0.4
1.9	1.9	1.9	1.9	1.9	1.9	1.9	1.9	1.9	1.9
6.2	6.2	6.2	6.2	6.2	6.2	6.2	6.2	6.2	6.2
0.2	0.2	0.2	0.2	0.2	0.2	0.2	0.2	0.2	0.2
3.7	3.7	3.7	3.7	3.7	3.7	3.7	3.7	3.7	3.7
2.8	2.8	2.8	2.8	2.8	2.8	2.8	2.8	2.8	2.8
1.2	1.2	1.2	1.2	1.2	1.2	1.2	1.2	1.2	1.2
1.0	1.0	1.0	1.0	1.0	1.0	1.0	1.0	1.0	1.0
0.8	0.8	0.8	0.8	0.8	0.8	0.8	0.8	0.8	0.8
2.9	2.9	2.9	2.9	2.9	2.9	2.9	2.9	2.9	2.9
2.3	2.3	2.3	2.3	2.3	2.3	2.3	2.3	2.3	2.3
6.5	6.5	6.5	6.5	6.5	6.5	6.5	6.5	6.5	6.5
6.4	6.4	6.4	6.4	6.4	6.4	6.4	6.4	6.4	6.4
1.1	1.1	1.1	1.1	1.1	1.1	1.1	1.1	1.1	1.1
1.3	1.3	1.3	1.3	1.3	1.3	1.3	1.3	1.3	1.3
0.3	0.3	0.3	0.3	0.3	0.3	0.3	0.3	0.3	0.3
2.8	2.8	2.8	2.8	2.8	2.8	2.8	2.8	2.8	2.8
2.9	2.9	2.9	2.9	2.9	2.9	2.9	2.9	2.9	2.9
2.8	2.8	2.8	2.8	2.8	2.8	2.8	2.8	2.8	2.8
2.1	2.1	2.1	2.1	2.1	2.1	2.1	2.1	2.1	2.1
0.2	0.2	0.2	0.2	0.2	0.2	0.2	0.2	0.2	0.2
5.5	5.5	5.5	5.5	5.5	5.5	5.5	5.5	5.5	5.5
3.1	3.1	3.1	3.1	3.1	3.1	3.1	3.1	3.1	3.1
5.0	5.0	5.0	5.0	5.0	5.0	5.0	5.0	5.0	5.0
3.3	3.3	3.3	3.3	3.3	3.3	3.3	3.3	3.3	3.3
6.8	6.8	6.8	6.8	6.8	6.8	6.8	6.8	6.8	6.8
0.6	0.6	0.6	0.6	0.6	0.6	0.6	0.6	0.6	0.6
1.0	1.0	1.0	1.0	1.0	1.0	1.0	1.0	1.0	1.0
4.0	4.0	4.0	4.0	4.0	4.0	4.0	4.0	4.0	4.0
1.4	1.4	1.4	1.4	1.4	1.4	1.4	1.4	1.4	1.4
1.2	1.2	1.2	1.2	1.2	1.2	1.2	1.2	1.2	1.2
2.8	2.8	2.8	2.8	2.8	2.8	2.8	2.8	2.8	2.8
1.3	1.3	1.3	1.3	1.3	1.3	1.3	1.3	1.3	1.3
0.9	0.9	0.9	0.9	0.9	0.9	0.9	0.9	0.9	0.9
2.6	2.6	2.6	2.6	2.6	2.6	2.6	2.6	2.6	2.6
3.1	3.1	3.1	3.1	3.1	3.1	3.1	3.1	3.1	3.1
4.7	4.7	4.7	4.7	4.7	4.7	4.7	4.7	4.7	4.7
3.7	3.7	3.7	3.7	3.7	3.7	3.7	3.7	3.7	3.7
3.8	3.8	3.8	3.8	3.8	3.8	3.8	3.8	3.8	3.8
1.8	1.8	1.8	1.8	1.8	1.8	1.8	1.8	1.8	1.8
2.4	2.4	2.4	2.4	2.4	2.4	2.4	2.4	2.4	2.4
0.5	0.5	0.5	0.5	0.5	0.5	0.5	0.5	0.5	0.5
2.7	2.7	2.7	2.7	2.7	2.7	2.7	2.7	2.7	2.7
1.1	1.1	1.1	1.1	1.1	1.1	1.1	1.1	1.1	1.1
1.1	1.1	1.1	1.1	1.1	1.1	1.1	1.1	1.1	1.1
0.1	0.1	0.1	0.1	0.1	0.1	0.1	0.1	0.1	0.1
1.7	1.7	1.7	1.7	1.7	1.7	1.7	1.7	1.7	1.7
0.4	0.4	0.4	0.4	0.4	0.4	0.4	0.4	0.4	0.4
4.2	4.2	4.2	4.2	4.2	4.2	4.2	4.2	4.2	4.2
2.8	2.8	2.8	2.8	2.8	2.8	2.8	2.8	2.8	2.8
2.1	2.1	2.1	2.1	2.1	2.1	2.1	2.1	2.1	2.1
6.0	6.0	6.0	6.0	6.0	6.0	6.0	6.0	6.0	6.0
4.4	4.4	4.4	4.4	4.4	4.4	4.4	4.4	4.4	4.4
4.5	4.5	4.5	4.5	4.5	4.5	4.5	4.5	4.5	4.5
1.0	1.0	1.0	1.0	1.0	1.0	1.0	1.0	1.0	1.0
3.2	3.2	3.2	3.2	3.2	3.2	3.2	3.2	3.2	3.2
1.4	1.4	1.4	1.4	1.4	1.4	1.4	1.4	1.4	1.4
3.4	3.4	3.4	3.4	3.4	3.4	3.4	3.4	3.4	3.4
2.5	2.5	2.5	2.5	2.5	2.5	2.5	2.5	2.5	2.5
3.1	3.1	3.1	3.1	3.1	3.1	3.1	3.1	3.1	3.1
3.7	3.7	3.7	3.7	3.7	3.7	3.7	3.7	3.7	3.7
2.7	2.7	2.7	2.7	2.7	2.7	2.7	2.7	2.7	2.7
]
