N_MACHINES:10	N_JOBS:100	CHARGING_TIME:60	INITIAL_CHARGE:10
D:[
4	4	4	4	4	4	4	4	4	4
11	11	11	11	11	11	11	11	11	11
18	18	18	18	18	18	18	18	18	18
8	8	8	8	8	8	8	8	8	8
9	9	9	9	9	9	9	9	9	9
4	4	4	4	4	4	4	4	4	4
12	12	12	12	12	12	12	12	12	12
12	12	12	12	12	12	12	12	12	12
22	22	22	22	22	22	22	22	22	22
3	3	3	3	3	3	3	3	3	3
1	1	1	1	1	1	1	1	1	1
5	5	5	5	5	5	5	5	5	5
24	24	24	24	24	24	24	24	24	24
12	12	12	12	12	12	12	12	12	12
16	16	16	16	16	16	16	16	16	16
0	0	0	0	0	0	0	0	0	0
18	18	18	18	18	18	18	18	18	18
22	22	22	22	22	22	22	22	22	22
15	15	15	15	15	15	15	15	15	15
3	3	3	3	3	3	3	3	3	3
13	13	13	13	13	13	13	13	13	13
11	11	11	11	11	11	11	11	11	11
13	13	13	13	13	13	13	13	13	13
6	6	6	6	6	6	6	6	6	6
17	17	17	17	17	17	17	17	17	17
17	17	17	17	17	17	17	17	17	17
18	18	18	18	18	18	18	18	18	18
7	7	7	7	7	7	7	7	7	7
8	8	8	8	8	8	8	8	8	8
11	11	11	11	11	11	11	11	11	11
26	26	26	26	26	26	26	26	26	26
9	9	9	9	9	9	9	9	9	9
3	3	3	3	3	3	3	3	3	3
11	11	11	11	11	11	11	11	11	11
16	16	16	16	16	16	16	16	16	16
5	5	5	5	5	5	5	5	5	5
2	2	2	2	2	2	2	2	2	2
2	2	2	2	2	2	2	2	2	2
12	12	12	12	12	12	12	12	12	12
10	10	10	10	10	10	10	10	10	10
13	13	13	13	13	13	13	13	13	13
24	24	24	24	24	24	24	24	24	24
6	6	6	6	6	6	6	6	6	6
5	5	5	5	5	5	5	5	5	5
4	4	4	4	4	4	4	4	4	4
23	23	23	23	23	23	23	23	23	23
9	9	9	9	9	9	9	9	9	9
1	1	1	1	1	1	1	1	1	1
28	28	28	28	28	28	28	28	28	28
20	20	20	20	20	20	20	20	20	20
5	5	5	5	5	5	5	5	5	5
23	23	23	23	23	23	23	23	23	23
10	10	10	10	10	10	10	10	10	10
7	7	7	7	7	7	7	7	7	7
12	12	12	12	12	12	12	12	12	12
3	3	3	3	3	3	3	3	3	3
2	2	2	2	2	2	2	2	2	2
33	33	33	33	33	33	33	33	33	33
11	11	11	11	11	11	11	11	11	11
19	19	19	19	19	19	19	19	19	19
0	0	0	0	0	0	0	0	0	0
22	22	22	22	22	22	22	22	22	22
6	6	6	6	6	6	6	6	6	6
0	0	0	0	0	0	0	0	0	0
33	33	33	33	33	33	33	33	33	33
13	13	13	13	13	13	13	13	13	13
31	31	31	31	31	31	31	31	31	31
17	17	17	17	17	17	17	17	17	17
19	19	19	19	19	19	19	19	19	19
20	20	20	20	20	20	20	20	20	20
11	11	11	11	11	11	11	11	11	11
22	22	22	22	22	22	22	22	22	22
6	6	6	6	6	6	6	6	6	6
1	1	1	1	1	1	1	1	1	1
35	35	35	35	35	35	35	35	35	35
15	15	15	15	15	15	15	15	15	15
12	12	12	12	12	12	12	12	12	12
12	12	12	12	12	12	12	12	12	12
1	1	1	1	1	1	1	1	1	1
11	11	11	11	11	11	11	11	11	11
11	11	11	11	11	11	11	11	11	11
32	32	32	32	32	32	32	32	32	32
19	19	19	19	19	19	19	19	19	19
10	10	10	10	10	10	10	10	10	10
13	13	13	13	13	13	13	13	13	13
17	17	17	17	17	17	17	17	17	17
17	17	17	17	17	17	17	17	17	17
5	5	5	5	5	5	5	5	5	5
6	6	6	6	6	6	6	6	6	6
11	11	11	11	11	11	11	11	11	11
29	29	29	29	29	29	29	29	29	29
18	18	18	18	18	18	18	18	18	18
7	7	7	7	7	7	7	7	7	7
15	15	15	15	15	15	15	15	15	15
9	9	9	9	9	9	9	9	9	9
2	2	2	2	2	2	2	2	2	2
4	4	4	4	4	4	4	4	4	4
3	3	3	3	3	3	3	3	3	3
12	12	12	12	12	12	12	12	12	12
20	20	20	20	20	20	20	20	20	20
]
w:[
4.9	4.9	4.9	4.9	4.9	4.9	4.9	4.9	4.9	4.9
3.8	3.8	3.8	3.8	3.8	3.8	3.8	3.8	3.8	3.8
1.1	1.1	1.1	1.1	1.1	1.1	1.1	1.1	1.1	1.1
4.6	4.6	4.6	4.6	4.6	4.6	4.6	4.6	4.6	4.6
4.9	4.9	4.9	4.9	4.9	4.9	4.9	4.9	4.9	4.9
2.6	2.6	2.6	2.6	2.6	2.6	2.6	2.6	2.6	2.6
4.9	4.9	4.9	4.9	4.9	4.9	4.9	4.9	4.9	4.9
0.9	0.9	0.9	0.9	0.9	0.9	0.9	0.9	0.9	0.9
5.0	5.0	5.0	5.0	5.0	5.0	5.0	5.0	5.0	5.0
4.6	4.6	4.6	4.6	4.6	4.6	4.6	4.6	4.6	4.6
1.8	1.8	1.8	1.8	1.8	1.8	1.8	1.8	1.8	1.8
0.2	0.2	0.2	0.2	0.2	0.2	0.2	0.2	0.2	0.2
2.5	2.5	2.5	2.5	2.5	2.5	2.5	2.5	2.5	2.5
0.2	0.2	0.2	0.2	0.2	0.2	0.2	0.2	0.2	0.2
6.5	6.5	6.5	6.5	6.5	6.5	6.5	6.5	6.5	6.5
6.4	6.4	6.4	6.4	6.4	6.4	6.4	6.4	6.4	6.4
6.0	6.0	6.0	6.0	6.0	6.0	6.0	6.0	6.0	6.0
6.1	6.1	6.1	6.1	6.1	6.1	6.1	6.1	6.1	6.1
1.3	1.3	1.3	1.3	1.3	1.3	1.3	1.3	1.3	1.3
9.3	9.3	9.3	9.3	9.3	9.3	9.3	9.3	9.3	9.3
5.0	5.0	5.0	5.0	5.0	5.0	5.0	5.0	5.0	5.0
6.3	6.3	6.3	6.3	6.3	6.3	6.3	6.3	6.3	6.3
7.0	7.0	7.0	7.0	7.0	7.0	7.0	7.0	7.0	7.0
6.9	6.9	6.9	6.9	6.9	6.9	6.9	6.9	6.9	6.9
3.4	3.4	3.4	3.4	3.4	3.4	3.4	3.4	3.4	3.4
7.6	7.6	7.6	7.6	7.6	7.6	7.6	7.6	7.6	7.6
0.6	0.6	0.6	0.6	0.6	0.6	0.6	0.6	0.6	0.6
9.6	9.6	9.6	9.6	9.6	9.6	9.6	9.6	9.6	9.6
3.5	3.5	3.5	3.5	3.5	3.5	3.5	3.5	3.5	3.5
5.8	5.8	5.8	5.8	5.8	5.8	5.8	5.8	5.8	5.8
4.3	4.3	4.3	4.3	4.3	4.3	4.3	4.3	4.3	4.3
3.7	3.7	3.7	3.7	3.7	3.7	3.7	3.7	3.7	3.7
8.8	8.8	8.8	8.8	8.8	8.8	8.8	8.8	8.8	8.8
1.9	1.9	1.9	1.9	1.9	1.9	1.9	1.9	1.9	1.9
5.3	5.3	5.3	5.3	5.3	5.3	5.3	5.3	5.3	5.3
1.8	1.8	1.8	1.8	1.8	1.8	1.8	1.8	1.8	1.8
9.5	9.5	9.5	9.5	9.5	9.5	9.5	9.5	9.5	9.5
8.6	8.6	8.6	8.6	8.6	8.6	8.6	8.6	8.6	8.6
8.2	8.2	8.2	8.2	8.2	8.2	8.2	8.2	8.2	8.2
7.1	7.1	7.1	7.1	7.1	7.1	7.1	7.1	7.1	7.1
5.1	5.1	5.1	5.1	5.1	5.1	5.1	5.1	5.1	5.1
9.6	9.6	9.6	9.6	9.6	9.6	9.6	9.6	9.6	9.6
7.2	7.2	7.2	7.2	7.2	7.2	7.2	7.2	7.2	7.2
1.9	1.9	1.9	1.9	1.9	1.9	1.9	1.9	1.9	1.9
5.4	5.4	5.4	5.4	5.4	5.4	5.4	5.4	5.4	5.4
9.3	9.3	9.3	9.3	9.3	9.3	9.3	9.3	9.3	9.3
6.7	6.7	6.7	6.7	6.7	6.7	6.7	6.7	6.7	6.7
7.8	7.8	7.8	7.8	7.8	7.8	7.8	7.8	7.8	7.8
1.1	1.1	1.1	1.1	1.1	1.1	1.1	1.1	1.1	1.1
2.5	2.5	2.5	2.5	2.5	2.5	2.5	2.5	2.5	2.5
3.1	3.1	3.1	3.1	3.1	3.1	3.1	3.1	3.1	3.1
7.8	7.8	7.8	7.8	7.8	7.8	7.8	7.8	7.8	7.8
8.7	8.7	8.7	8.7	8.7	8.7	8.7	8.7	8.7	8.7
8.9	8.9	8.9	8.9	8.9	8.9	8.9	8.9	8.9	8.9
2.6	2.6	2.6	2.6	2.6	2.6	2.6	2.6	2.6	2.6
1.3	1.3	1.3	1.3	1.3	1.3	1.3	1.3	1.3	1.3
4.2	4.2	4.2	4.2	4.2	4.2	4.2	4.2	4.2	4.2
7.9	7.9	7.9	7.9	7.9	7.9	7.9	7.9	7.9	7.9
4.6	4.6	4.6	4.6	4.6	4.6	4.6	4.6	4.6	4.6
3.0	3.0	3.0	3.0	3.0	3.0	3.0	3.0	3.0	3.0
5.4	5.4	5.4	5.4	5.4	5.4	5.4	5.4	5.4	5.4
0.8	0.8	0.8	0.8	0.8	0.8	0.8	0.8	0.8	0.8
4.9	4.9	4.9	4.9	4.9	4.9	4.9	4.9	4.9	4.9
5.9	5.9	5.9	5.9	5.9	5.9	5.9	5.9	5.9	5.9
1.2	1.2	1.2	1.2	1.2	1.2	1.2	1.2	1.2	1.2
9.3	9.3	9.3	9.3	9.3	9.3	9.3	9.3	9.3	9.3
3.8	3.8	3.8	3.8	3.8	3.8	3.8	3.8	3.8	3.8
0.1	0.1	0.1	0.1	0.1	0.1	0.1	0.1	0.1	0.1
3.4	3.4	3.4	3.4	3.4	3.4	3.4	3.4	3.4	3.4
2.4	2.4	2.4	2.4	2.4	2.4	2.4	2.4	2.4	2.4
8.0	8.0	8.0	8.0	8.0	8.0	8.0	8.0	8.0	8.0
9.6	9.6	9.6	9.6	9.6	9.6	9.6	9.6	9.6	9.6
7.6	7.6	7.6	7.6	7.6	7.6	7.6	7.6	7.6	7.6
9.8	9.8	9.8	9.8	9.8	9.8	9.8	9.8	9.8	9.8
8.2	8.2	8.2	8.2	8.2	8.2	8.2	8.2	8.2	8.2
4.3	4.3	4.3	4.3	4.3	4.3	4.3	4.3	4.3	4.3
6.2	6.2	6.2	6.2	6.2	6.2	6.2	6.2	6.2	6.2
6.4	6.4	6.4	6.4	6.4	6.4	6.4	6.4	6.4	6.4
7.1	7.1	7.1	7.1	7.1	7.1	7.1	7.1	7.1	7.1
6.4	6.4	6.4	6.4	6.4	6.4	6.4	6.4	6.4	6.4
4.7	4.7	4.7	4.7	4.7	4.7	4.7	4.7	4.7	4.7
1.8	1.8	1.8	1.8	1.8	1.8	1.8	1.8	1.8	1.8
0.6	0.6	0.6	0.6	0.6	0.6	0.6	0.6	0.6	0.6
9.7	9.7	9.7	9.7	9.7	9.7	9.7	9.7	9.7	9.7
0.8	0.8	0.8	0.8	0.8	0.8	0.8	0.8	0.8	0.8
4.4	4.4	4.4	4.4	4.4	4.4	4.4	4.4	4.4	4.4
0.4	0.4	0.4	0.4	0.4	0.4	0.4	0.4	0.4	0.4
2.8	2.8	2.8	2.8	2.8	2.8	2.8	2.8	2.8	2.8
2.0	2.0	2.0	2.0	2.0	2.0	2.0	2.0	2.0	2.0
0.3	0.3	0.3	0.3	0.3	0.3	0.3	0.3	0.3	0.3
4.9	4.9	4.9	4.9	4.9	4.9	4.9	4.9	4.9	4.9
7.4	7.4	7.4	7.4	7.4	7.4	7.4	7.4	7.4	7.4
4.1	4.1	4.1	4.1	4.1	4.1	4.1	4.1	4.1	4.1
0.2	0.2	0.2	0.2	0.2	0.2	0.2	0.2	0.2	0.2
4.5	4.5	4.5	4.5	4.5	4.5	4.5	4.5	4.5	4.5
8.9	8.9	8.9	8.9	8.9	8.9	8.9	8.9	8.9	8.9
1.0	1.0	1.0	1.0	1.0	1.0	1.0	1.0	1.0	1.0
5.0	5.0	5.0	5.0	5.0	5.0	5.0	5.0	5.0	5.0
8.2	8.2	8.2	8.2	8.2	8.2	8.2	8.2	8.2	8.2
9.9	9.9	9.9	9.9	9.9	9.9	9.9	9.9	9.9	9.9
]
