N_MACHINES:10	N_JOBS:100	CHARGING_TIME:60	INITIAL_CHARGE:10
D:[
9	9	9	9	9	9	9	9	9	9
16	16	16	16	16	16	16	16	16	16
6	6	6	6	6	6	6	6	6	6
12	12	12	12	12	12	12	12	12	12
2	2	2	2	2	2	2	2	2	2
0	0	0	0	0	0	0	0	0	0
12	12	12	12	12	12	12	12	12	12
30	30	30	30	30	30	30	30	30	30
4	4	4	4	4	4	4	4	4	4
32	32	32	32	32	32	32	32	32	32
24	24	24	24	24	24	24	24	24	24
3	3	3	3	3	3	3	3	3	3
16	16	16	16	16	16	16	16	16	16
20	20	20	20	20	20	20	20	20	20
13	13	13	13	13	13	13	13	13	13
2	2	2	2	2	2	2	2	2	2
2	2	2	2	2	2	2	2	2	2
10	10	10	10	10	10	10	10	10	10
1	1	1	1	1	1	1	1	1	1
11	11	11	11	11	11	11	11	11	11
3	3	3	3	3	3	3	3	3	3
21	21	21	21	21	21	21	21	21	21
9	9	9	9	9	9	9	9	9	9
4	4	4	4	4	4	4	4	4	4
12	12	12	12	12	12	12	12	12	12
7	7	7	7	7	7	7	7	7	7
27	27	27	27	27	27	27	27	27	27
15	15	15	15	15	15	15	15	15	15
3	3	3	3	3	3	3	3	3	3
8	8	8	8	8	8	8	8	8	8
15	15	15	15	15	15	15	15	15	15
6	6	6	6	6	6	6	6	6	6
3	3	3	3	3	3	3	3	3	3
15	15	15	15	15	15	15	15	15	15
11	11	11	11	11	11	11	11	11	11
9	9	9	9	9	9	9	9	9	9
18	18	18	18	18	18	18	18	18	18
4	4	4	4	4	4	4	4	4	4
15	15	15	15	15	15	15	15	15	15
2	2	2	2	2	2	2	2	2	2
13	13	13	13	13	13	13	13	13	13
0	0	0	0	0	0	0	0	0	0
5	5	5	5	5	5	5	5	5	5
27	27	27	27	27	27	27	27	27	27
19	19	19	19	19	19	19	19	19	19
17	17	17	17	17	17	17	17	17	17
19	19	19	19	19	19	19	19	19	19
17	17	17	17	17	17	17	17	17	17
9	9	9	9	9	9	9	9	9	9
8	8	8	8	8	8	8	8	8	8
1	1	1	1	1	1	1	1	1	1
1	1	1	1	1	1	1	1	1	1
14	14	14	14	14	14	14	14	14	14
10	10	10	10	10	10	10	10	10	10
19	19	19	19	19	19	19	19	19	19
1	1	1	1	1	1	1	1	1	1
16	16	16	16	16	16	16	16	16	16
14	14	14	14	14	14	14	14	14	14
20	20	20	20	20	20	20	20	20	20
5	5	5	5	5	5	5	5	5	5
3	3	3	3	3	3	3	3	3	3
4	4	4	4	4	4	4	4	4	4
5	5	5	5	5	5	5	5	5	5
8	8	8	8	8	8	8	8	8	8
9	9	9	9	9	9	9	9	9	9
16	16	16	16	16	16	16	16	16	16
15	15	15	15	15	15	15	15	15	15
14	14	14	14	14	14	14	14	14	14
15	15	15	15	15	15	15	15	15	15
16	16	16	16	16	16	16	16	16	16
9	9	9	9	9	9	9	9	9	9
20	20	20	20	20	20	20	20	20	20
23	23	23	23	23	23	23	23	23	23
19	19	19	19	19	19	19	19	19	19
9	9	9	9	9	9	9	9	9	9
11	11	11	11	11	11	11	11	11	11
12	12	12	12	12	12	12	12	12	12
22	22	22	22	22	22	22	22	22	22
16	16	16	16	16	16	16	16	16	16
1	1	1	1	1	1	1	1	1	1
15	15	15	15	15	15	15	15	15	15
0	0	0	0	0	0	0	0	0	0
21	21	21	21	21	21	21	21	21	21
20	20	20	20	20	20	20	20	20	20
8	8	8	8	8	8	8	8	8	8
11	11	11	11	11	11	11	11	11	11
12	12	12	12	12	12	12	12	12	12
6	6	6	6	6	6	6	6	6	6
7	7	7	7	7	7	7	7	7	7
15	15	15	15	15	15	15	15	15	15
18	18	18	18	18	18	18	18	18	18
28	28	28	28	28	28	28	28	28	28
2	2	2	2	2	2	2	2	2	2
7	7	7	7	7	7	7	7	7	7
9	9	9	9	9	9	9	9	9	9
17	17	17	17	17	17	17	17	17	17
19	19	19	19	19	19	19	19	19	19
16	16	16	16	16	16	16	16	16	16
11	11	11	11	11	11	11	11	11	11
25	25	25	25	25	25	25	25	25	25
]
w:[
1.7	1.7	1.7	1.7	1.7	1.7	1.7	1.7	1.7	1.7
3.9	3.9	3.9	3.9	3.9	3.9	3.9	3.9	3.9	3.9
1.0	1.0	1.0	1.0	1.0	1.0	1.0	1.0	1.0	1.0
3.1	3.1	3.1	3.1	3.1	3.1	3.1	3.1	3.1	3.1
4.8	4.8	4.8	4.8	4.8	4.8	4.8	4.8	4.8	4.8
2.0	2.0	2.0	2.0	2.0	2.0	2.0	2.0	2.0	2.0
2.8	2.8	2.8	2.8	2.8	2.8	2.8	2.8	2.8	2.8
2.2	2.2	2.2	2.2	2.2	2.2	2.2	2.2	2.2	2.2
1.8	1.8	1.8	1.8	1.8	1.8	1.8	1.8	1.8	1.8
0.9	0.9	0.9	0.9	0.9	0.9	0.9	0.9	0.9	0.9
2.5	2.5	2.5	2.5	2.5	2.5	2.5	2.5	2.5	2.5
3.0	3.0	3.0	3.0	3.0	3.0	3.0	3.0	3.0	3.0
2.6	2.6	2.6	2.6	2.6	2.6	2.6	2.6	2.6	2.6
3.4	3.4	3.4	3.4	3.4	3.4	3.4	3.4	3.4	3.4
5.6	5.6	5.6	5.6	5.6	5.6	5.6	5.6	5.6	5.6
1.5	1.5	1.5	1.5	1.5	1.5	1.5	1.5	1.5	1.5
1.3	1.3	1.3	1.3	1.3	1.3	1.3	1.3	1.3	1.3
0.4	0.4	0.4	0.4	0.4	0.4	0.4	0.4	0.4	0.4
2.1	2.1	2.1	2.1	2.1	2.1	2.1	2.1	2.1	2.1
2.5	2.5	2.5	2.5	2.5	2.5	2.5	2.5	2.5	2.5
3.1	3.1	3.1	3.1	3.1	3.1	3.1	3.1	3.1	3.1
2.2	2.2	2.2	2.2	2.2	2.2	2.2	2.2	2.2	2.2
2.3	2.3	2.3	2.3	2.3	2.3	2.3	2.3	2.3	2.3
1.5	1.5	1.5	1.5	1.5	1.5	1.5	1.5	1.5	1.5
3.7	3.7	3.7	3.7	3.7	3.7	3.7	3.7	3.7	3.7
2.9	2.9	2.9	2.9	2.9	2.9	2.9	2.9	2.9	2.9
1.0	1.0	1.0	1.0	1.0	1.0	1.0	1.0	1.0	1.0
1.9	1.9	1.9	1.9	1.9	1.9	1.9	1.9	1.9	1.9
3.7	3.7	3.7	3.7	3.7	3.7	3.7	3.7	3.7	3.7
0.5	0.5	0.5	0.5	0.5	0.5	0.5	0.5	0.5	0.5
1.3	1.3	1.3	1.3	1.3	1.3	1.3	1.3	1.3	1.3
1.6	1.6	1.6	1.6	1.6	1.6	1.6	1.6	1.6	1.6
3.0	3.0	3.0	3.0	3.0	3.0	3.0	3.0	3.0	3.0
1.8	1.8	1.8	1.8	1.8	1.8	1.8	1.8	1.8	1.8
0.7	0.7	0.7	0.7	0.7	0.7	0.7	0.7	0.7	0.7
3.4	3.4	3.4	3.4	3.4	3.4	3.4	3.4	3.4	3.4
0.7	0.7	0.7	0.7	0.7	0.7	0.7	0.7	0.7	0.7
0.9	0.9	0.9	0.9	0.9	0.9	0.9	0.9	0.9	0.9
0.7	0.7	0.7	0.7	0.7	0.7	0.7	0.7	0.7	0.7
3.0	3.0	3.0	3.0	3.0	3.0	3.0	3.0	3.0	3.0
2.5	2.5	2.5	2.5	2.5	2.5	2.5	2.5	2.5	2.5
4.2	4.2	4.2	4.2	4.2	4.2	4.2	4.2	4.2	4.2
0.4	0.4	0.4	0.4	0.4	0.4	0.4	0.4	0.4	0.4
0.6	0.6	0.6	0.6	0.6	0.6	0.6	0.6	0.6	0.6
3.9	3.9	3.9	3.9	3.9	3.9	3.9	3.9	3.9	3.9
1.8	1.8	1.8	1.8	1.8	1.8	1.8	1.8	1.8	1.8
2.9	2.9	2.9	2.9	2.9	2.9	2.9	2.9	2.9	2.9
4.6	4.6	4.6	4.6	4.6	4.6	4.6	4.6	4.6	4.6
4.0	4.0	4.0	4.0	4.0	4.0	4.0	4.0	4.0	4.0
3.6	3.6	3.6	3.6	3.6	3.6	3.6	3.6	3.6	3.6
2.8	2.8	2.8	2.8	2.8	2.8	2.8	2.8	2.8	2.8
3.3	3.3	3.3	3.3	3.3	3.3	3.3	3.3	3.3	3.3
0.1	0.1	0.1	0.1	0.1	0.1	0.1	0.1	0.1	0.1
1.7	1.7	1.7	1.7	1.7	1.7	1.7	1.7	1.7	1.7
2.3	2.3	2.3	2.3	2.3	2.3	2.3	2.3	2.3	2.3
3.4	3.4	3.4	3.4	3.4	3.4	3.4	3.4	3.4	3.4
3.2	3.2	3.2	3.2	3.2	3.2	3.2	3.2	3.2	3.2
1.9	1.9	1.9	1.9	1.9	1.9	1.9	1.9	1.9	1.9
3.7	3.7	3.7	3.7	3.7	3.7	3.7	3.7	3.7	3.7
4.3	4.3	4.3	4.3	4.3	4.3	4.3	4.3	4.3	4.3
0.3	0.3	0.3	0.3	0.3	0.3	0.3	0.3	0.3	0.3
0.7	0.7	0.7	0.7	0.7	0.7	0.7	0.7	0.7	0.7
4.6	4.6	4.6	4.6	4.6	4.6	4.6	4.6	4.6	4.6
3.9	3.9	3.9	3.9	3.9	3.9	3.9	3.9	3.9	3.9
1.3	1.3	1.3	1.3	1.3	1.3	1.3	1.3	1.3	1.3
5.7	5.7	5.7	5.7	5.7	5.7	5.7	5.7	5.7	5.7
2.8	2.8	2.8	2.8	2.8	2.8	2.8	2.8	2.8	2.8
1.7	1.7	1.7	1.7	1.7	1.7	1.7	1.7	1.7	1.7
4.2	4.2	4.2	4.2	4.2	4.2	4.2	4.2	4.2	4.2
2.7	2.7	2.7	2.7	2.7	2.7	2.7	2.7	2.7	2.7
2.6	2.6	2.6	2.6	2.6	2.6	2.6	2.6	2.6	2.6
3.5	3.5	3.5	3.5	3.5	3.5	3.5	3.5	3.5	3.5
0.5	0.5	0.5	0.5	0.5	0.5	0.5	0.5	0.5	0.5
2.0	2.0	2.0	2.0	2.0	2.0	2.0	2.0	2.0	2.0
2.4	2.4	2.4	2.4	2.4	2.4	2.4	2.4	2.4	2.4
3.9	3.9	3.9	3.9	3.9	3.9	3.9	3.9	3.9	3.9
2.6	2.6	2.6	2.6	2.6	2.6	2.6	2.6	2.6	2.6
2.2	2.2	2.2	2.2	2.2	2.2	2.2	2.2	2.2	2.2
2.8	2.8	2.8	2.8	2.8	2.8	2.8	2.8	2.8	2.8
4.3	4.3	4.3	4.3	4.3	4.3	4.3	4.3	4.3	4.3
5.0	5.0	5.0	5.0	5.0	5.0	5.0	5.0	5.0	5.0
3.2	3.2	3.2	3.2	3.2	3.2	3.2	3.2	3.2	3.2
4.6	4.6	4.6	4.6	4.6	4.6	4.6	4.6	4.6	4.6
0.7	0.7	0.7	0.7	0.7	0.7	0.7	0.7	0.7	0.7
1.4	1.4	1.4	1.4	1.4	1.4	1.4	1.4	1.4	1.4
3.8	3.8	3.8	3.8	3.8	3.8	3.8	3.8	3.8	3.8
4.9	4.9	4.9	4.9	4.9	4.9	4.9	4.9	4.9	4.9
2.3	2.3	2.3	2.3	2.3	2.3	2.3	2.3	2.3	2.3
0.7	0.7	0.7	0.7	0.7	0.7	0.7	0.7	0.7	0.7
4.1	4.1	4.1	4.1	4.1	4.1	4.1	4.1	4.1	4.1
3.2	3.2	3.2	3.2	3.2	3.2	3.2	3.2	3.2	3.2
3.6	3.6	3.6	3.6	3.6	3.6	3.6	3.6	3.6	3.6
3.6	3.6	3.6	3.6	3.6	3.6	3.6	3.6	3.6	3.6
4.1	4.1	4.1	4.1	4.1	4.1	4.1	4.1	4.1	4.1
3.0	3.0	3.0	3.0	3.0	3.0	3.0	3.0	3.0	3.0
1.8	1.8	1.8	1.8	1.8	1.8	1.8	1.8	1.8	1.8
5.1	5.1	5.1	5.1	5.1	5.1	5.1	5.1	5.1	5.1
2.7	2.7	2.7	2.7	2.7	2.7	2.7	2.7	2.7	2.7
1.0	1.0	1.0	1.0	1.0	1.0	1.0	1.0	1.0	1.0
0.8	0.8	0.8	0.8	0.8	0.8	0.8	0.8	0.8	0.8
]
