N_MACHINES:5	N_JOBS:150	CHARGING_TIME:60	INITIAL_CHARGE:10
D:[
84	84	84	84	84
22	22	22	22	22
76	76	76	76	76
74	74	74	74	74
47	47	47	47	47
45	45	45	45	45
17	17	17	17	17
13	13	13	13	13
31	31	31	31	31
2	2	2	2	2
17	17	17	17	17
45	45	45	45	45
25	25	25	25	25
89	89	89	89	89
14	14	14	14	14
8	8	8	8	8
60	60	60	60	60
79	79	79	79	79
22	22	22	22	22
7	7	7	7	7
51	51	51	51	51
27	27	27	27	27
7	7	7	7	7
51	51	51	51	51
23	23	23	23	23
4	4	4	4	4
10	10	10	10	10
42	42	42	42	42
33	33	33	33	33
14	14	14	14	14
54	54	54	54	54
21	21	21	21	21
43	43	43	43	43
35	35	35	35	35
21	21	21	21	21
32	32	32	32	32
22	22	22	22	22
26	26	26	26	26
51	51	51	51	51
32	32	32	32	32
37	37	37	37	37
20	20	20	20	20
15	15	15	15	15
44	44	44	44	44
53	53	53	53	53
27	27	27	27	27
22	22	22	22	22
72	72	72	72	72
72	72	72	72	72
57	57	57	57	57
64	64	64	64	64
23	23	23	23	23
10	10	10	10	10
37	37	37	37	37
24	24	24	24	24
61	61	61	61	61
16	16	16	16	16
42	42	42	42	42
95	95	95	95	95
25	25	25	25	25
40	40	40	40	40
27	27	27	27	27
8	8	8	8	8
29	29	29	29	29
40	40	40	40	40
10	10	10	10	10
61	61	61	61	61
16	16	16	16	16
32	32	32	32	32
19	19	19	19	19
49	49	49	49	49
38	38	38	38	38
20	20	20	20	20
21	21	21	21	21
11	11	11	11	11
17	17	17	17	17
39	39	39	39	39
17	17	17	17	17
15	15	15	15	15
11	11	11	11	11
14	14	14	14	14
35	35	35	35	35
13	13	13	13	13
38	38	38	38	38
26	26	26	26	26
29	29	29	29	29
15	15	15	15	15
17	17	17	17	17
40	40	40	40	40
1	1	1	1	1
64	64	64	64	64
71	71	71	71	71
18	18	18	18	18
89	89	89	89	89
15	15	15	15	15
28	28	28	28	28
48	48	48	48	48
44	44	44	44	44
76	76	76	76	76
72	72	72	72	72
90	90	90	90	90
21	21	21	21	21
28	28	28	28	28
68	68	68	68	68
57	57	57	57	57
23	23	23	23	23
37	37	37	37	37
32	32	32	32	32
59	59	59	59	59
62	62	62	62	62
29	29	29	29	29
46	46	46	46	46
37	37	37	37	37
38	38	38	38	38
21	21	21	21	21
2	2	2	2	2
29	29	29	29	29
20	20	20	20	20
56	56	56	56	56
39	39	39	39	39
73	73	73	73	73
42	42	42	42	42
17	17	17	17	17
61	61	61	61	61
96	96	96	96	96
47	47	47	47	47
73	73	73	73	73
106	106	106	106	106
68	68	68	68	68
32	32	32	32	32
25	25	25	25	25
9	9	9	9	9
73	73	73	73	73
24	24	24	24	24
17	17	17	17	17
60	60	60	60	60
47	47	47	47	47
27	27	27	27	27
0	0	0	0	0
63	63	63	63	63
34	34	34	34	34
55	55	55	55	55
77	77	77	77	77
15	15	15	15	15
53	53	53	53	53
115	115	115	115	115
2	2	2	2	2
51	51	51	51	51
47	47	47	47	47
30	30	30	30	30
]
w:[
2.8	2.8	2.8	2.8	2.8
2.2	2.2	2.2	2.2	2.2
8.1	8.1	8.1	8.1	8.1
5.3	5.3	5.3	5.3	5.3
4.6	4.6	4.6	4.6	4.6
7.2	7.2	7.2	7.2	7.2
3.3	3.3	3.3	3.3	3.3
5.1	5.1	5.1	5.1	5.1
6.1	6.1	6.1	6.1	6.1
2.1	2.1	2.1	2.1	2.1
0.1	0.1	0.1	0.1	0.1
1.3	1.3	1.3	1.3	1.3
8.7	8.7	8.7	8.7	8.7
5.6	5.6	5.6	5.6	5.6
7.2	7.2	7.2	7.2	7.2
0.2	0.2	0.2	0.2	0.2
2.3	2.3	2.3	2.3	2.3
4.0	4.0	4.0	4.0	4.0
2.9	2.9	2.9	2.9	2.9
2.1	2.1	2.1	2.1	2.1
4.0	4.0	4.0	4.0	4.0
3.7	3.7	3.7	3.7	3.7
6.5	6.5	6.5	6.5	6.5
0.5	0.5	0.5	0.5	0.5
5.5	5.5	5.5	5.5	5.5
4.3	4.3	4.3	4.3	4.3
9.1	9.1	9.1	9.1	9.1
3.1	3.1	3.1	3.1	3.1
3.1	3.1	3.1	3.1	3.1
2.8	2.8	2.8	2.8	2.8
7.9	7.9	7.9	7.9	7.9
2.7	2.7	2.7	2.7	2.7
2.9	2.9	2.9	2.9	2.9
2.5	2.5	2.5	2.5	2.5
7.2	7.2	7.2	7.2	7.2
0.5	0.5	0.5	0.5	0.5
2.2	2.2	2.2	2.2	2.2
8.5	8.5	8.5	8.5	8.5
1.9	1.9	1.9	1.9	1.9
4.2	4.2	4.2	4.2	4.2
4.6	4.6	4.6	4.6	4.6
7.5	7.5	7.5	7.5	7.5
2.4	2.4	2.4	2.4	2.4
8.4	8.4	8.4	8.4	8.4
2.9	2.9	2.9	2.9	2.9
0.4	0.4	0.4	0.4	0.4
6.2	6.2	6.2	6.2	6.2
0.3	0.3	0.3	0.3	0.3
8.4	8.4	8.4	8.4	8.4
2.9	2.9	2.9	2.9	2.9
3.4	3.4	3.4	3.4	3.4
6.6	6.6	6.6	6.6	6.6
8.0	8.0	8.0	8.0	8.0
2.6	2.6	2.6	2.6	2.6
4.4	4.4	4.4	4.4	4.4
0.1	0.1	0.1	0.1	0.1
2.3	2.3	2.3	2.3	2.3
4.0	4.0	4.0	4.0	4.0
3.6	3.6	3.6	3.6	3.6
5.7	5.7	5.7	5.7	5.7
1.8	1.8	1.8	1.8	1.8
9.1	9.1	9.1	9.1	9.1
6.1	6.1	6.1	6.1	6.1
1.2	1.2	1.2	1.2	1.2
7.1	7.1	7.1	7.1	7.1
3.1	3.1	3.1	3.1	3.1
1.0	1.0	1.0	1.0	1.0
3.5	3.5	3.5	3.5	3.5
2.8	2.8	2.8	2.8	2.8
0.1	0.1	0.1	0.1	0.1
1.7	1.7	1.7	1.7	1.7
2.3	2.3	2.3	2.3	2.3
7.1	7.1	7.1	7.1	7.1
0.1	0.1	0.1	0.1	0.1
5.1	5.1	5.1	5.1	5.1
6.8	6.8	6.8	6.8	6.8
8.0	8.0	8.0	8.0	8.0
4.0	4.0	4.0	4.0	4.0
9.6	9.6	9.6	9.6	9.6
5.3	5.3	5.3	5.3	5.3
4.0	4.0	4.0	4.0	4.0
4.0	4.0	4.0	4.0	4.0
3.9	3.9	3.9	3.9	3.9
8.8	8.8	8.8	8.8	8.8
2.3	2.3	2.3	2.3	2.3
2.9	2.9	2.9	2.9	2.9
8.4	8.4	8.4	8.4	8.4
5.7	5.7	5.7	5.7	5.7
4.9	4.9	4.9	4.9	4.9
7.0	7.0	7.0	7.0	7.0
2.4	2.4	2.4	2.4	2.4
3.1	3.1	3.1	3.1	3.1
4.9	4.9	4.9	4.9	4.9
3.0	3.0	3.0	3.0	3.0
9.0	9.0	9.0	9.0	9.0
6.6	6.6	6.6	6.6	6.6
6.4	6.4	6.4	6.4	6.4
2.8	2.8	2.8	2.8	2.8
4.9	4.9	4.9	4.9	4.9
2.6	2.6	2.6	2.6	2.6
4.1	4.1	4.1	4.1	4.1
0.1	0.1	0.1	0.1	0.1
4.8	4.8	4.8	4.8	4.8
1.3	1.3	1.3	1.3	1.3
7.0	7.0	7.0	7.0	7.0
6.5	6.5	6.5	6.5	6.5
2.6	2.6	2.6	2.6	2.6
6.2	6.2	6.2	6.2	6.2
0.7	0.7	0.7	0.7	0.7
0.7	0.7	0.7	0.7	0.7
4.9	4.9	4.9	4.9	4.9
0.2	0.2	0.2	0.2	0.2
3.0	3.0	3.0	3.0	3.0
4.3	4.3	4.3	4.3	4.3
6.8	6.8	6.8	6.8	6.8
2.4	2.4	2.4	2.4	2.4
2.6	2.6	2.6	2.6	2.6
9.6	9.6	9.6	9.6	9.6
7.6	7.6	7.6	7.6	7.6
1.9	1.9	1.9	1.9	1.9
2.9	2.9	2.9	2.9	2.9
4.9	4.9	4.9	4.9	4.9
0.2	0.2	0.2	0.2	0.2
2.1	2.1	2.1	2.1	2.1
0.7	0.7	0.7	0.7	0.7
0.7	0.7	0.7	0.7	0.7
9.8	9.8	9.8	9.8	9.8
5.6	5.6	5.6	5.6	5.6
3.6	3.6	3.6	3.6	3.6
4.9	4.9	4.9	4.9	4.9
7.3	7.3	7.3	7.3	7.3
3.0	3.0	3.0	3.0	3.0
4.6	4.6	4.6	4.6	4.6
1.6	1.6	1.6	1.6	1.6
2.9	2.9	2.9	2.9	2.9
7.9	7.9	7.9	7.9	7.9
5.5	5.5	5.5	5.5	5.5
5.3	5.3	5.3	5.3	5.3
4.8	4.8	4.8	4.8	4.8
9.5	9.5	9.5	9.5	9.5
2.6	2.6	2.6	2.6	2.6
4.4	4.4	4.4	4.4	4.4
9.2	9.2	9.2	9.2	9.2
2.1	2.1	2.1	2.1	2.1
3.9	3.9	3.9	3.9	3.9
2.5	2.5	2.5	2.5	2.5
4.6	4.6	4.6	4.6	4.6
3.2	3.2	3.2	3.2	3.2
6.6	6.6	6.6	6.6	6.6
1.8	1.8	1.8	1.8	1.8
]
