N_MACHINES:10	N_JOBS:50	CHARGING_TIME:60	INITIAL_CHARGE:10
D:[
3	3	3	3	3	3	3	3	3	3
2	2	2	2	2	2	2	2	2	2
12	12	12	12	12	12	12	12	12	12
16	16	16	16	16	16	16	16	16	16
10	10	10	10	10	10	10	10	10	10
12	12	12	12	12	12	12	12	12	12
12	12	12	12	12	12	12	12	12	12
17	17	17	17	17	17	17	17	17	17
3	3	3	3	3	3	3	3	3	3
19	19	19	19	19	19	19	19	19	19
23	23	23	23	23	23	23	23	23	23
14	14	14	14	14	14	14	14	14	14
14	14	14	14	14	14	14	14	14	14
17	17	17	17	17	17	17	17	17	17
4	4	4	4	4	4	4	4	4	4
5	5	5	5	5	5	5	5	5	5
6	6	6	6	6	6	6	6	6	6
28	28	28	28	28	28	28	28	28	28
4	4	4	4	4	4	4	4	4	4
7	7	7	7	7	7	7	7	7	7
7	7	7	7	7	7	7	7	7	7
6	6	6	6	6	6	6	6	6	6
8	8	8	8	8	8	8	8	8	8
3	3	3	3	3	3	3	3	3	3
21	21	21	21	21	21	21	21	21	21
4	4	4	4	4	4	4	4	4	4
5	5	5	5	5	5	5	5	5	5
14	14	14	14	14	14	14	14	14	14
18	18	18	18	18	18	18	18	18	18
0	0	0	0	0	0	0	0	0	0
19	19	19	19	19	19	19	19	19	19
17	17	17	17	17	17	17	17	17	17
10	10	10	10	10	10	10	10	10	10
12	12	12	12	12	12	12	12	12	12
0	0	0	0	0	0	0	0	0	0
17	17	17	17	17	17	17	17	17	17
24	24	24	24	24	24	24	24	24	24
28	28	28	28	28	28	28	28	28	28
6	6	6	6	6	6	6	6	6	6
2	2	2	2	2	2	2	2	2	2
10	10	10	10	10	10	10	10	10	10
19	19	19	19	19	19	19	19	19	19
17	17	17	17	17	17	17	17	17	17
3	3	3	3	3	3	3	3	3	3
0	0	0	0	0	0	0	0	0	0
22	22	22	22	22	22	22	22	22	22
23	23	23	23	23	23	23	23	23	23
5	5	5	5	5	5	5	5	5	5
25	25	25	25	25	25	25	25	25	25
29	29	29	29	29	29	29	29	29	29
]
w:[
0.5	0.5	0.5	0.5	0.5	0.5	0.5	0.5	0.5	0.5
1.2	1.2	1.2	1.2	1.2	1.2	1.2	1.2	1.2	1.2
0.4	0.4	0.4	0.4	0.4	0.4	0.4	0.4	0.4	0.4
9.1	9.1	9.1	9.1	9.1	9.1	9.1	9.1	9.1	9.1
7.8	7.8	7.8	7.8	7.8	7.8	7.8	7.8	7.8	7.8
5.0	5.0	5.0	5.0	5.0	5.0	5.0	5.0	5.0	5.0
5.3	5.3	5.3	5.3	5.3	5.3	5.3	5.3	5.3	5.3
0.5	0.5	0.5	0.5	0.5	0.5	0.5	0.5	0.5	0.5
1.3	1.3	1.3	1.3	1.3	1.3	1.3	1.3	1.3	1.3
7.4	7.4	7.4	7.4	7.4	7.4	7.4	7.4	7.4	7.4
4.4	4.4	4.4	4.4	4.4	4.4	4.4	4.4	4.4	4.4
4.6	4.6	4.6	4.6	4.6	4.6	4.6	4.6	4.6	4.6
3.4	3.4	3.4	3.4	3.4	3.4	3.4	3.4	3.4	3.4
0.5	0.5	0.5	0.5	0.5	0.5	0.5	0.5	0.5	0.5
4.2	4.2	4.2	4.2	4.2	4.2	4.2	4.2	4.2	4.2
4.9	4.9	4.9	4.9	4.9	4.9	4.9	4.9	4.9	4.9
2.1	2.1	2.1	2.1	2.1	2.1	2.1	2.1	2.1	2.1
4.6	4.6	4.6	4.6	4.6	4.6	4.6	4.6	4.6	4.6
7.7	7.7	7.7	7.7	7.7	7.7	7.7	7.7	7.7	7.7
7.6	7.6	7.6	7.6	7.6	7.6	7.6	7.6	7.6	7.6
4.5	4.5	4.5	4.5	4.5	4.5	4.5	4.5	4.5	4.5
3.5	3.5	3.5	3.5	3.5	3.5	3.5	3.5	3.5	3.5
6.4	6.4	6.4	6.4	6.4	6.4	6.4	6.4	6.4	6.4
5.3	5.3	5.3	5.3	5.3	5.3	5.3	5.3	5.3	5.3
6.8	6.8	6.8	6.8	6.8	6.8	6.8	6.8	6.8	6.8
5.2	5.2	5.2	5.2	5.2	5.2	5.2	5.2	5.2	5.2
9.5	9.5	9.5	9.5	9.5	9.5	9.5	9.5	9.5	9.5
1.4	1.4	1.4	1.4	1.4	1.4	1.4	1.4	1.4	1.4
8.2	8.2	8.2	8.2	8.2	8.2	8.2	8.2	8.2	8.2
7.1	7.1	7.1	7.1	7.1	7.1	7.1	7.1	7.1	7.1
1.2	1.2	1.2	1.2	1.2	1.2	1.2	1.2	1.2	1.2
4.6	4.6	4.6	4.6	4.6	4.6	4.6	4.6	4.6	4.6
2.7	2.7	2.7	2.7	2.7	2.7	2.7	2.7	2.7	2.7
1.3	1.3	1.3	1.3	1.3	1.3	1.3	1.3	1.3	1.3
5.1	5.1	5.1	5.1	5.1	5.1	5.1	5.1	5.1	5.1
3.4	3.4	3.4	3.4	3.4	3.4	3.4	3.4	3.4	3.4
0.5	0.5	0.5	0.5	0.5	0.5	0.5	0.5	0.5	0.5
4.5	4.5	4.5	4.5	4.5	4.5	4.5	4.5	4.5	4.5
5.6	5.6	5.6	5.6	5.6	5.6	5.6	5.6	5.6	5.6
6.1	6.1	6.1	6.1	6.1	6.1	6.1	6.1	6.1	6.1
2.8	2.8	2.8	2.8	2.8	2.8	2.8	2.8	2.8	2.8
2.0	2.0	2.0	2.0	2.0	2.0	2.0	2.0	2.0	2.0
3.3	3.3	3.3	3.3	3.3	3.3	3.3	3.3	3.3	3.3
4.6	4.6	4.6	4.6	4.6	4.6	4.6	4.6	4.6	4.6
2.4	2.4	2.4	2.4	2.4	2.4	2.4	2.4	2.4	2.4
0.1	0.1	0.1	0.1	0.1	0.1	0.1	0.1	0.1	0.1
5.8	5.8	5.8	5.8	5.8	5.8	5.8	5.8	5.8	5.8
2.0	2.0	2.0	2.0	2.0	2.0	2.0	2.0	2.0	2.0
3.8	3.8	3.8	3.8	3.8	3.8	3.8	3.8	3.8	3.8
5.3	5.3	5.3	5.3	5.3	5.3	5.3	5.3	5.3	5.3
]
