N_MACHINES:10	N_JOBS:100	CHARGING_TIME:60	INITIAL_CHARGE:10
D:[
30	30	30	30	30	30	30	30	30	30
28	28	28	28	28	28	28	28	28	28
20	20	20	20	20	20	20	20	20	20
16	16	16	16	16	16	16	16	16	16
28	28	28	28	28	28	28	28	28	28
3	3	3	3	3	3	3	3	3	3
13	13	13	13	13	13	13	13	13	13
12	12	12	12	12	12	12	12	12	12
8	8	8	8	8	8	8	8	8	8
12	12	12	12	12	12	12	12	12	12
13	13	13	13	13	13	13	13	13	13
0	0	0	0	0	0	0	0	0	0
19	19	19	19	19	19	19	19	19	19
25	25	25	25	25	25	25	25	25	25
8	8	8	8	8	8	8	8	8	8
17	17	17	17	17	17	17	17	17	17
20	20	20	20	20	20	20	20	20	20
16	16	16	16	16	16	16	16	16	16
5	5	5	5	5	5	5	5	5	5
15	15	15	15	15	15	15	15	15	15
6	6	6	6	6	6	6	6	6	6
25	25	25	25	25	25	25	25	25	25
20	20	20	20	20	20	20	20	20	20
8	8	8	8	8	8	8	8	8	8
22	22	22	22	22	22	22	22	22	22
16	16	16	16	16	16	16	16	16	16
9	9	9	9	9	9	9	9	9	9
9	9	9	9	9	9	9	9	9	9
18	18	18	18	18	18	18	18	18	18
23	23	23	23	23	23	23	23	23	23
2	2	2	2	2	2	2	2	2	2
19	19	19	19	19	19	19	19	19	19
11	11	11	11	11	11	11	11	11	11
10	10	10	10	10	10	10	10	10	10
15	15	15	15	15	15	15	15	15	15
13	13	13	13	13	13	13	13	13	13
15	15	15	15	15	15	15	15	15	15
27	27	27	27	27	27	27	27	27	27
16	16	16	16	16	16	16	16	16	16
25	25	25	25	25	25	25	25	25	25
5	5	5	5	5	5	5	5	5	5
23	23	23	23	23	23	23	23	23	23
6	6	6	6	6	6	6	6	6	6
8	8	8	8	8	8	8	8	8	8
6	6	6	6	6	6	6	6	6	6
2	2	2	2	2	2	2	2	2	2
9	9	9	9	9	9	9	9	9	9
19	19	19	19	19	19	19	19	19	19
22	22	22	22	22	22	22	22	22	22
4	4	4	4	4	4	4	4	4	4
9	9	9	9	9	9	9	9	9	9
13	13	13	13	13	13	13	13	13	13
21	21	21	21	21	21	21	21	21	21
23	23	23	23	23	23	23	23	23	23
4	4	4	4	4	4	4	4	4	4
6	6	6	6	6	6	6	6	6	6
17	17	17	17	17	17	17	17	17	17
9	9	9	9	9	9	9	9	9	9
13	13	13	13	13	13	13	13	13	13
17	17	17	17	17	17	17	17	17	17
9	9	9	9	9	9	9	9	9	9
29	29	29	29	29	29	29	29	29	29
21	21	21	21	21	21	21	21	21	21
13	13	13	13	13	13	13	13	13	13
7	7	7	7	7	7	7	7	7	7
5	5	5	5	5	5	5	5	5	5
11	11	11	11	11	11	11	11	11	11
12	12	12	12	12	12	12	12	12	12
19	19	19	19	19	19	19	19	19	19
13	13	13	13	13	13	13	13	13	13
19	19	19	19	19	19	19	19	19	19
6	6	6	6	6	6	6	6	6	6
22	22	22	22	22	22	22	22	22	22
5	5	5	5	5	5	5	5	5	5
7	7	7	7	7	7	7	7	7	7
11	11	11	11	11	11	11	11	11	11
8	8	8	8	8	8	8	8	8	8
10	10	10	10	10	10	10	10	10	10
22	22	22	22	22	22	22	22	22	22
18	18	18	18	18	18	18	18	18	18
20	20	20	20	20	20	20	20	20	20
9	9	9	9	9	9	9	9	9	9
24	24	24	24	24	24	24	24	24	24
31	31	31	31	31	31	31	31	31	31
19	19	19	19	19	19	19	19	19	19
15	15	15	15	15	15	15	15	15	15
27	27	27	27	27	27	27	27	27	27
9	9	9	9	9	9	9	9	9	9
7	7	7	7	7	7	7	7	7	7
12	12	12	12	12	12	12	12	12	12
10	10	10	10	10	10	10	10	10	10
13	13	13	13	13	13	13	13	13	13
16	16	16	16	16	16	16	16	16	16
14	14	14	14	14	14	14	14	14	14
12	12	12	12	12	12	12	12	12	12
8	8	8	8	8	8	8	8	8	8
9	9	9	9	9	9	9	9	9	9
14	14	14	14	14	14	14	14	14	14
4	4	4	4	4	4	4	4	4	4
13	13	13	13	13	13	13	13	13	13
]
w:[
1.2	1.2	1.2	1.2	1.2	1.2	1.2	1.2	1.2	1.2
2.2	2.2	2.2	2.2	2.2	2.2	2.2	2.2	2.2	2.2
1.2	1.2	1.2	1.2	1.2	1.2	1.2	1.2	1.2	1.2
1.2	1.2	1.2	1.2	1.2	1.2	1.2	1.2	1.2	1.2
1.5	1.5	1.5	1.5	1.5	1.5	1.5	1.5	1.5	1.5
0.1	0.1	0.1	0.1	0.1	0.1	0.1	0.1	0.1	0.1
0.6	0.6	0.6	0.6	0.6	0.6	0.6	0.6	0.6	0.6
1.2	1.2	1.2	1.2	1.2	1.2	1.2	1.2	1.2	1.2
2.3	2.3	2.3	2.3	2.3	2.3	2.3	2.3	2.3	2.3
0.2	0.2	0.2	0.2	0.2	0.2	0.2	0.2	0.2	0.2
1.8	1.8	1.8	1.8	1.8	1.8	1.8	1.8	1.8	1.8
0.3	0.3	0.3	0.3	0.3	0.3	0.3	0.3	0.3	0.3
1.0	1.0	1.0	1.0	1.0	1.0	1.0	1.0	1.0	1.0
2.4	2.4	2.4	2.4	2.4	2.4	2.4	2.4	2.4	2.4
0.9	0.9	0.9	0.9	0.9	0.9	0.9	0.9	0.9	0.9
0.7	0.7	0.7	0.7	0.7	0.7	0.7	0.7	0.7	0.7
2.0	2.0	2.0	2.0	2.0	2.0	2.0	2.0	2.0	2.0
0.3	0.3	0.3	0.3	0.3	0.3	0.3	0.3	0.3	0.3
1.3	1.3	1.3	1.3	1.3	1.3	1.3	1.3	1.3	1.3
1.7	1.7	1.7	1.7	1.7	1.7	1.7	1.7	1.7	1.7
0.3	0.3	0.3	0.3	0.3	0.3	0.3	0.3	0.3	0.3
2.3	2.3	2.3	2.3	2.3	2.3	2.3	2.3	2.3	2.3
0.6	0.6	0.6	0.6	0.6	0.6	0.6	0.6	0.6	0.6
1.1	1.1	1.1	1.1	1.1	1.1	1.1	1.1	1.1	1.1
0.5	0.5	0.5	0.5	0.5	0.5	0.5	0.5	0.5	0.5
1.7	1.7	1.7	1.7	1.7	1.7	1.7	1.7	1.7	1.7
0.7	0.7	0.7	0.7	0.7	0.7	0.7	0.7	0.7	0.7
0.6	0.6	0.6	0.6	0.6	0.6	0.6	0.6	0.6	0.6
0.9	0.9	0.9	0.9	0.9	0.9	0.9	0.9	0.9	0.9
1.1	1.1	1.1	1.1	1.1	1.1	1.1	1.1	1.1	1.1
1.8	1.8	1.8	1.8	1.8	1.8	1.8	1.8	1.8	1.8
0.7	0.7	0.7	0.7	0.7	0.7	0.7	0.7	0.7	0.7
2.6	2.6	2.6	2.6	2.6	2.6	2.6	2.6	2.6	2.6
1.3	1.3	1.3	1.3	1.3	1.3	1.3	1.3	1.3	1.3
0.8	0.8	0.8	0.8	0.8	0.8	0.8	0.8	0.8	0.8
0.5	0.5	0.5	0.5	0.5	0.5	0.5	0.5	0.5	0.5
0.3	0.3	0.3	0.3	0.3	0.3	0.3	0.3	0.3	0.3
1.2	1.2	1.2	1.2	1.2	1.2	1.2	1.2	1.2	1.2
2.9	2.9	2.9	2.9	2.9	2.9	2.9	2.9	2.9	2.9
0.8	0.8	0.8	0.8	0.8	0.8	0.8	0.8	0.8	0.8
0.4	0.4	0.4	0.4	0.4	0.4	0.4	0.4	0.4	0.4
0.5	0.5	0.5	0.5	0.5	0.5	0.5	0.5	0.5	0.5
1.3	1.3	1.3	1.3	1.3	1.3	1.3	1.3	1.3	1.3
0.4	0.4	0.4	0.4	0.4	0.4	0.4	0.4	0.4	0.4
1.0	1.0	1.0	1.0	1.0	1.0	1.0	1.0	1.0	1.0
0.5	0.5	0.5	0.5	0.5	0.5	0.5	0.5	0.5	0.5
1.5	1.5	1.5	1.5	1.5	1.5	1.5	1.5	1.5	1.5
1.9	1.9	1.9	1.9	1.9	1.9	1.9	1.9	1.9	1.9
0.6	0.6	0.6	0.6	0.6	0.6	0.6	0.6	0.6	0.6
0.2	0.2	0.2	0.2	0.2	0.2	0.2	0.2	0.2	0.2
0.6	0.6	0.6	0.6	0.6	0.6	0.6	0.6	0.6	0.6
1.5	1.5	1.5	1.5	1.5	1.5	1.5	1.5	1.5	1.5
0.8	0.8	0.8	0.8	0.8	0.8	0.8	0.8	0.8	0.8
0.5	0.5	0.5	0.5	0.5	0.5	0.5	0.5	0.5	0.5
0.7	0.7	0.7	0.7	0.7	0.7	0.7	0.7	0.7	0.7
2.2	2.2	2.2	2.2	2.2	2.2	2.2	2.2	2.2	2.2
1.0	1.0	1.0	1.0	1.0	1.0	1.0	1.0	1.0	1.0
1.0	1.0	1.0	1.0	1.0	1.0	1.0	1.0	1.0	1.0
3.5	3.5	3.5	3.5	3.5	3.5	3.5	3.5	3.5	3.5
0.5	0.5	0.5	0.5	0.5	0.5	0.5	0.5	0.5	0.5
0.6	0.6	0.6	0.6	0.6	0.6	0.6	0.6	0.6	0.6
2.6	2.6	2.6	2.6	2.6	2.6	2.6	2.6	2.6	2.6
1.7	1.7	1.7	1.7	1.7	1.7	1.7	1.7	1.7	1.7
0.8	0.8	0.8	0.8	0.8	0.8	0.8	0.8	0.8	0.8
1.4	1.4	1.4	1.4	1.4	1.4	1.4	1.4	1.4	1.4
2.0	2.0	2.0	2.0	2.0	2.0	2.0	2.0	2.0	2.0
1.4	1.4	1.4	1.4	1.4	1.4	1.4	1.4	1.4	1.4
1.0	1.0	1.0	1.0	1.0	1.0	1.0	1.0	1.0	1.0
2.3	2.3	2.3	2.3	2.3	2.3	2.3	2.3	2.3	2.3
2.3	2.3	2.3	2.3	2.3	2.3	2.3	2.3	2.3	2.3
2.7	2.7	2.7	2.7	2.7	2.7	2.7	2.7	2.7	2.7
1.7	1.7	1.7	1.7	1.7	1.7	1.7	1.7	1.7	1.7
2.3	2.3	2.3	2.3	2.3	2.3	2.3	2.3	2.3	2.3
1.5	1.5	1.5	1.5	1.5	1.5	1.5	1.5	1.5	1.5
0.9	0.9	0.9	0.9	0.9	0.9	0.9	0.9	0.9	0.9
0.6	0.6	0.6	0.6	0.6	0.6	0.6	0.6	0.6	0.6
3.4	3.4	3.4	3.4	3.4	3.4	3.4	3.4	3.4	3.4
1.0	1.0	1.0	1.0	1.0	1.0	1.0	1.0	1.0	1.0
1.0	1.0	1.0	1.0	1.0	1.0	1.0	1.0	1.0	1.0
1.1	1.1	1.1	1.1	1.1	1.1	1.1	1.1	1.1	1.1
2.7	2.7	2.7	2.7	2.7	2.7	2.7	2.7	2.7	2.7
1.3	1.3	1.3	1.3	1.3	1.3	1.3	1.3	1.3	1.3
0.4	0.4	0.4	0.4	0.4	0.4	0.4	0.4	0.4	0.4
0.6	0.6	0.6	0.6	0.6	0.6	0.6	0.6	0.6	0.6
0.9	0.9	0.9	0.9	0.9	0.9	0.9	0.9	0.9	0.9
0.5	0.5	0.5	0.5	0.5	0.5	0.5	0.5	0.5	0.5
1.0	1.0	1.0	1.0	1.0	1.0	1.0	1.0	1.0	1.0
1.7	1.7	1.7	1.7	1.7	1.7	1.7	1.7	1.7	1.7
2.5	2.5	2.5	2.5	2.5	2.5	2.5	2.5	2.5	2.5
1.9	1.9	1.9	1.9	1.9	1.9	1.9	1.9	1.9	1.9
0.5	0.5	0.5	0.5	0.5	0.5	0.5	0.5	0.5	0.5
2.2	2.2	2.2	2.2	2.2	2.2	2.2	2.2	2.2	2.2
2.6	2.6	2.6	2.6	2.6	2.6	2.6	2.6	2.6	2.6
1.2	1.2	1.2	1.2	1.2	1.2	1.2	1.2	1.2	1.2
0.3	0.3	0.3	0.3	0.3	0.3	0.3	0.3	0.3	0.3
0.2	0.2	0.2	0.2	0.2	0.2	0.2	0.2	0.2	0.2
2.9	2.9	2.9	2.9	2.9	2.9	2.9	2.9	2.9	2.9
0.8	0.8	0.8	0.8	0.8	0.8	0.8	0.8	0.8	0.8
0.4	0.4	0.4	0.4	0.4	0.4	0.4	0.4	0.4	0.4
1.6	1.6	1.6	1.6	1.6	1.6	1.6	1.6	1.6	1.6
]
