N_MACHINES:10	N_JOBS:200	CHARGING_TIME:60	INITIAL_CHARGE:10
D:[
25	25	25	25	25	25	25	25	25	25
43	43	43	43	43	43	43	43	43	43
48	48	48	48	48	48	48	48	48	48
6	6	6	6	6	6	6	6	6	6
46	46	46	46	46	46	46	46	46	46
0	0	0	0	0	0	0	0	0	0
26	26	26	26	26	26	26	26	26	26
6	6	6	6	6	6	6	6	6	6
6	6	6	6	6	6	6	6	6	6
31	31	31	31	31	31	31	31	31	31
40	40	40	40	40	40	40	40	40	40
37	37	37	37	37	37	37	37	37	37
14	14	14	14	14	14	14	14	14	14
4	4	4	4	4	4	4	4	4	4
17	17	17	17	17	17	17	17	17	17
18	18	18	18	18	18	18	18	18	18
46	46	46	46	46	46	46	46	46	46
23	23	23	23	23	23	23	23	23	23
33	33	33	33	33	33	33	33	33	33
24	24	24	24	24	24	24	24	24	24
24	24	24	24	24	24	24	24	24	24
67	67	67	67	67	67	67	67	67	67
9	9	9	9	9	9	9	9	9	9
19	19	19	19	19	19	19	19	19	19
9	9	9	9	9	9	9	9	9	9
0	0	0	0	0	0	0	0	0	0
25	25	25	25	25	25	25	25	25	25
49	49	49	49	49	49	49	49	49	49
38	38	38	38	38	38	38	38	38	38
26	26	26	26	26	26	26	26	26	26
11	11	11	11	11	11	11	11	11	11
21	21	21	21	21	21	21	21	21	21
4	4	4	4	4	4	4	4	4	4
66	66	66	66	66	66	66	66	66	66
28	28	28	28	28	28	28	28	28	28
40	40	40	40	40	40	40	40	40	40
12	12	12	12	12	12	12	12	12	12
20	20	20	20	20	20	20	20	20	20
18	18	18	18	18	18	18	18	18	18
10	10	10	10	10	10	10	10	10	10
8	8	8	8	8	8	8	8	8	8
25	25	25	25	25	25	25	25	25	25
26	26	26	26	26	26	26	26	26	26
8	8	8	8	8	8	8	8	8	8
11	11	11	11	11	11	11	11	11	11
14	14	14	14	14	14	14	14	14	14
52	52	52	52	52	52	52	52	52	52
6	6	6	6	6	6	6	6	6	6
6	6	6	6	6	6	6	6	6	6
6	6	6	6	6	6	6	6	6	6
12	12	12	12	12	12	12	12	12	12
16	16	16	16	16	16	16	16	16	16
10	10	10	10	10	10	10	10	10	10
37	37	37	37	37	37	37	37	37	37
30	30	30	30	30	30	30	30	30	30
0	0	0	0	0	0	0	0	0	0
40	40	40	40	40	40	40	40	40	40
49	49	49	49	49	49	49	49	49	49
20	20	20	20	20	20	20	20	20	20
13	13	13	13	13	13	13	13	13	13
33	33	33	33	33	33	33	33	33	33
14	14	14	14	14	14	14	14	14	14
2	2	2	2	2	2	2	2	2	2
28	28	28	28	28	28	28	28	28	28
14	14	14	14	14	14	14	14	14	14
52	52	52	52	52	52	52	52	52	52
17	17	17	17	17	17	17	17	17	17
42	42	42	42	42	42	42	42	42	42
9	9	9	9	9	9	9	9	9	9
15	15	15	15	15	15	15	15	15	15
18	18	18	18	18	18	18	18	18	18
13	13	13	13	13	13	13	13	13	13
0	0	0	0	0	0	0	0	0	0
46	46	46	46	46	46	46	46	46	46
5	5	5	5	5	5	5	5	5	5
24	24	24	24	24	24	24	24	24	24
19	19	19	19	19	19	19	19	19	19
28	28	28	28	28	28	28	28	28	28
17	17	17	17	17	17	17	17	17	17
38	38	38	38	38	38	38	38	38	38
31	31	31	31	31	31	31	31	31	31
19	19	19	19	19	19	19	19	19	19
22	22	22	22	22	22	22	22	22	22
58	58	58	58	58	58	58	58	58	58
69	69	69	69	69	69	69	69	69	69
3	3	3	3	3	3	3	3	3	3
67	67	67	67	67	67	67	67	67	67
51	51	51	51	51	51	51	51	51	51
28	28	28	28	28	28	28	28	28	28
20	20	20	20	20	20	20	20	20	20
21	21	21	21	21	21	21	21	21	21
25	25	25	25	25	25	25	25	25	25
50	50	50	50	50	50	50	50	50	50
58	58	58	58	58	58	58	58	58	58
32	32	32	32	32	32	32	32	32	32
31	31	31	31	31	31	31	31	31	31
53	53	53	53	53	53	53	53	53	53
29	29	29	29	29	29	29	29	29	29
41	41	41	41	41	41	41	41	41	41
22	22	22	22	22	22	22	22	22	22
18	18	18	18	18	18	18	18	18	18
42	42	42	42	42	42	42	42	42	42
11	11	11	11	11	11	11	11	11	11
4	4	4	4	4	4	4	4	4	4
26	26	26	26	26	26	26	26	26	26
37	37	37	37	37	37	37	37	37	37
17	17	17	17	17	17	17	17	17	17
32	32	32	32	32	32	32	32	32	32
38	38	38	38	38	38	38	38	38	38
30	30	30	30	30	30	30	30	30	30
70	70	70	70	70	70	70	70	70	70
16	16	16	16	16	16	16	16	16	16
16	16	16	16	16	16	16	16	16	16
26	26	26	26	26	26	26	26	26	26
50	50	50	50	50	50	50	50	50	50
15	15	15	15	15	15	15	15	15	15
31	31	31	31	31	31	31	31	31	31
39	39	39	39	39	39	39	39	39	39
25	25	25	25	25	25	25	25	25	25
24	24	24	24	24	24	24	24	24	24
15	15	15	15	15	15	15	15	15	15
3	3	3	3	3	3	3	3	3	3
4	4	4	4	4	4	4	4	4	4
3	3	3	3	3	3	3	3	3	3
52	52	52	52	52	52	52	52	52	52
13	13	13	13	13	13	13	13	13	13
51	51	51	51	51	51	51	51	51	51
31	31	31	31	31	31	31	31	31	31
17	17	17	17	17	17	17	17	17	17
11	11	11	11	11	11	11	11	11	11
11	11	11	11	11	11	11	11	11	11
11	11	11	11	11	11	11	11	11	11
26	26	26	26	26	26	26	26	26	26
19	19	19	19	19	19	19	19	19	19
51	51	51	51	51	51	51	51	51	51
18	18	18	18	18	18	18	18	18	18
28	28	28	28	28	28	28	28	28	28
6	6	6	6	6	6	6	6	6	6
62	62	62	62	62	62	62	62	62	62
18	18	18	18	18	18	18	18	18	18
17	17	17	17	17	17	17	17	17	17
29	29	29	29	29	29	29	29	29	29
8	8	8	8	8	8	8	8	8	8
38	38	38	38	38	38	38	38	38	38
61	61	61	61	61	61	61	61	61	61
39	39	39	39	39	39	39	39	39	39
47	47	47	47	47	47	47	47	47	47
49	49	49	49	49	49	49	49	49	49
15	15	15	15	15	15	15	15	15	15
37	37	37	37	37	37	37	37	37	37
14	14	14	14	14	14	14	14	14	14
10	10	10	10	10	10	10	10	10	10
50	50	50	50	50	50	50	50	50	50
27	27	27	27	27	27	27	27	27	27
8	8	8	8	8	8	8	8	8	8
23	23	23	23	23	23	23	23	23	23
2	2	2	2	2	2	2	2	2	2
70	70	70	70	70	70	70	70	70	70
14	14	14	14	14	14	14	14	14	14
19	19	19	19	19	19	19	19	19	19
33	33	33	33	33	33	33	33	33	33
47	47	47	47	47	47	47	47	47	47
70	70	70	70	70	70	70	70	70	70
16	16	16	16	16	16	16	16	16	16
6	6	6	6	6	6	6	6	6	6
46	46	46	46	46	46	46	46	46	46
20	20	20	20	20	20	20	20	20	20
27	27	27	27	27	27	27	27	27	27
24	24	24	24	24	24	24	24	24	24
29	29	29	29	29	29	29	29	29	29
14	14	14	14	14	14	14	14	14	14
20	20	20	20	20	20	20	20	20	20
29	29	29	29	29	29	29	29	29	29
14	14	14	14	14	14	14	14	14	14
7	7	7	7	7	7	7	7	7	7
13	13	13	13	13	13	13	13	13	13
54	54	54	54	54	54	54	54	54	54
5	5	5	5	5	5	5	5	5	5
37	37	37	37	37	37	37	37	37	37
27	27	27	27	27	27	27	27	27	27
22	22	22	22	22	22	22	22	22	22
50	50	50	50	50	50	50	50	50	50
22	22	22	22	22	22	22	22	22	22
35	35	35	35	35	35	35	35	35	35
22	22	22	22	22	22	22	22	22	22
36	36	36	36	36	36	36	36	36	36
7	7	7	7	7	7	7	7	7	7
33	33	33	33	33	33	33	33	33	33
16	16	16	16	16	16	16	16	16	16
35	35	35	35	35	35	35	35	35	35
25	25	25	25	25	25	25	25	25	25
6	6	6	6	6	6	6	6	6	6
6	6	6	6	6	6	6	6	6	6
22	22	22	22	22	22	22	22	22	22
14	14	14	14	14	14	14	14	14	14
3	3	3	3	3	3	3	3	3	3
61	61	61	61	61	61	61	61	61	61
20	20	20	20	20	20	20	20	20	20
43	43	43	43	43	43	43	43	43	43
25	25	25	25	25	25	25	25	25	25
]
w:[
2.6	2.6	2.6	2.6	2.6	2.6	2.6	2.6	2.6	2.6
2.0	2.0	2.0	2.0	2.0	2.0	2.0	2.0	2.0	2.0
0.4	0.4	0.4	0.4	0.4	0.4	0.4	0.4	0.4	0.4
0.2	0.2	0.2	0.2	0.2	0.2	0.2	0.2	0.2	0.2
0.4	0.4	0.4	0.4	0.4	0.4	0.4	0.4	0.4	0.4
1.8	1.8	1.8	1.8	1.8	1.8	1.8	1.8	1.8	1.8
2.4	2.4	2.4	2.4	2.4	2.4	2.4	2.4	2.4	2.4
0.5	0.5	0.5	0.5	0.5	0.5	0.5	0.5	0.5	0.5
2.3	2.3	2.3	2.3	2.3	2.3	2.3	2.3	2.3	2.3
0.3	0.3	0.3	0.3	0.3	0.3	0.3	0.3	0.3	0.3
3.1	3.1	3.1	3.1	3.1	3.1	3.1	3.1	3.1	3.1
5.7	5.7	5.7	5.7	5.7	5.7	5.7	5.7	5.7	5.7
2.3	2.3	2.3	2.3	2.3	2.3	2.3	2.3	2.3	2.3
2.6	2.6	2.6	2.6	2.6	2.6	2.6	2.6	2.6	2.6
2.7	2.7	2.7	2.7	2.7	2.7	2.7	2.7	2.7	2.7
2.8	2.8	2.8	2.8	2.8	2.8	2.8	2.8	2.8	2.8
4.0	4.0	4.0	4.0	4.0	4.0	4.0	4.0	4.0	4.0
2.8	2.8	2.8	2.8	2.8	2.8	2.8	2.8	2.8	2.8
3.3	3.3	3.3	3.3	3.3	3.3	3.3	3.3	3.3	3.3
3.7	3.7	3.7	3.7	3.7	3.7	3.7	3.7	3.7	3.7
0.1	0.1	0.1	0.1	0.1	0.1	0.1	0.1	0.1	0.1
2.8	2.8	2.8	2.8	2.8	2.8	2.8	2.8	2.8	2.8
4.9	4.9	4.9	4.9	4.9	4.9	4.9	4.9	4.9	4.9
4.2	4.2	4.2	4.2	4.2	4.2	4.2	4.2	4.2	4.2
4.9	4.9	4.9	4.9	4.9	4.9	4.9	4.9	4.9	4.9
1.9	1.9	1.9	1.9	1.9	1.9	1.9	1.9	1.9	1.9
2.4	2.4	2.4	2.4	2.4	2.4	2.4	2.4	2.4	2.4
3.5	3.5	3.5	3.5	3.5	3.5	3.5	3.5	3.5	3.5
2.5	2.5	2.5	2.5	2.5	2.5	2.5	2.5	2.5	2.5
1.1	1.1	1.1	1.1	1.1	1.1	1.1	1.1	1.1	1.1
0.8	0.8	0.8	0.8	0.8	0.8	0.8	0.8	0.8	0.8
0.3	0.3	0.3	0.3	0.3	0.3	0.3	0.3	0.3	0.3
0.8	0.8	0.8	0.8	0.8	0.8	0.8	0.8	0.8	0.8
0.2	0.2	0.2	0.2	0.2	0.2	0.2	0.2	0.2	0.2
5.6	5.6	5.6	5.6	5.6	5.6	5.6	5.6	5.6	5.6
2.5	2.5	2.5	2.5	2.5	2.5	2.5	2.5	2.5	2.5
1.2	1.2	1.2	1.2	1.2	1.2	1.2	1.2	1.2	1.2
3.5	3.5	3.5	3.5	3.5	3.5	3.5	3.5	3.5	3.5
1.0	1.0	1.0	1.0	1.0	1.0	1.0	1.0	1.0	1.0
1.4	1.4	1.4	1.4	1.4	1.4	1.4	1.4	1.4	1.4
2.6	2.6	2.6	2.6	2.6	2.6	2.6	2.6	2.6	2.6
0.7	0.7	0.7	0.7	0.7	0.7	0.7	0.7	0.7	0.7
4.8	4.8	4.8	4.8	4.8	4.8	4.8	4.8	4.8	4.8
3.8	3.8	3.8	3.8	3.8	3.8	3.8	3.8	3.8	3.8
1.6	1.6	1.6	1.6	1.6	1.6	1.6	1.6	1.6	1.6
5.5	5.5	5.5	5.5	5.5	5.5	5.5	5.5	5.5	5.5
4.6	4.6	4.6	4.6	4.6	4.6	4.6	4.6	4.6	4.6
3.3	3.3	3.3	3.3	3.3	3.3	3.3	3.3	3.3	3.3
6.7	6.7	6.7	6.7	6.7	6.7	6.7	6.7	6.7	6.7
2.4	2.4	2.4	2.4	2.4	2.4	2.4	2.4	2.4	2.4
0.9	0.9	0.9	0.9	0.9	0.9	0.9	0.9	0.9	0.9
4.2	4.2	4.2	4.2	4.2	4.2	4.2	4.2	4.2	4.2
1.3	1.3	1.3	1.3	1.3	1.3	1.3	1.3	1.3	1.3
4.4	4.4	4.4	4.4	4.4	4.4	4.4	4.4	4.4	4.4
3.9	3.9	3.9	3.9	3.9	3.9	3.9	3.9	3.9	3.9
1.5	1.5	1.5	1.5	1.5	1.5	1.5	1.5	1.5	1.5
2.8	2.8	2.8	2.8	2.8	2.8	2.8	2.8	2.8	2.8
2.8	2.8	2.8	2.8	2.8	2.8	2.8	2.8	2.8	2.8
1.8	1.8	1.8	1.8	1.8	1.8	1.8	1.8	1.8	1.8
1.5	1.5	1.5	1.5	1.5	1.5	1.5	1.5	1.5	1.5
3.4	3.4	3.4	3.4	3.4	3.4	3.4	3.4	3.4	3.4
0.5	0.5	0.5	0.5	0.5	0.5	0.5	0.5	0.5	0.5
4.1	4.1	4.1	4.1	4.1	4.1	4.1	4.1	4.1	4.1
4.9	4.9	4.9	4.9	4.9	4.9	4.9	4.9	4.9	4.9
3.4	3.4	3.4	3.4	3.4	3.4	3.4	3.4	3.4	3.4
2.6	2.6	2.6	2.6	2.6	2.6	2.6	2.6	2.6	2.6
2.3	2.3	2.3	2.3	2.3	2.3	2.3	2.3	2.3	2.3
2.0	2.0	2.0	2.0	2.0	2.0	2.0	2.0	2.0	2.0
1.4	1.4	1.4	1.4	1.4	1.4	1.4	1.4	1.4	1.4
0.7	0.7	0.7	0.7	0.7	0.7	0.7	0.7	0.7	0.7
4.6	4.6	4.6	4.6	4.6	4.6	4.6	4.6	4.6	4.6
0.4	0.4	0.4	0.4	0.4	0.4	0.4	0.4	0.4	0.4
1.4	1.4	1.4	1.4	1.4	1.4	1.4	1.4	1.4	1.4
0.5	0.5	0.5	0.5	0.5	0.5	0.5	0.5	0.5	0.5
2.5	2.5	2.5	2.5	2.5	2.5	2.5	2.5	2.5	2.5
1.3	1.3	1.3	1.3	1.3	1.3	1.3	1.3	1.3	1.3
2.1	2.1	2.1	2.1	2.1	2.1	2.1	2.1	2.1	2.1
1.1	1.1	1.1	1.1	1.1	1.1	1.1	1.1	1.1	1.1
3.1	3.1	3.1	3.1	3.1	3.1	3.1	3.1	3.1	3.1
4.2	4.2	4.2	4.2	4.2	4.2	4.2	4.2	4.2	4.2
0.7	0.7	0.7	0.7	0.7	0.7	0.7	0.7	0.7	0.7
3.8	3.8	3.8	3.8	3.8	3.8	3.8	3.8	3.8	3.8
1.4	1.4	1.4	1.4	1.4	1.4	1.4	1.4	1.4	1.4
2.4	2.4	2.4	2.4	2.4	2.4	2.4	2.4	2.4	2.4
3.2	3.2	3.2	3.2	3.2	3.2	3.2	3.2	3.2	3.2
3.3	3.3	3.3	3.3	3.3	3.3	3.3	3.3	3.3	3.3
2.7	2.7	2.7	2.7	2.7	2.7	2.7	2.7	2.7	2.7
1.7	1.7	1.7	1.7	1.7	1.7	1.7	1.7	1.7	1.7
2.8	2.8	2.8	2.8	2.8	2.8	2.8	2.8	2.8	2.8
1.3	1.3	1.3	1.3	1.3	1.3	1.3	1.3	1.3	1.3
2.2	2.2	2.2	2.2	2.2	2.2	2.2	2.2	2.2	2.2
1.7	1.7	1.7	1.7	1.7	1.7	1.7	1.7	1.7	1.7
3.5	3.5	3.5	3.5	3.5	3.5	3.5	3.5	3.5	3.5
1.1	1.1	1.1	1.1	1.1	1.1	1.1	1.1	1.1	1.1
2.2	2.2	2.2	2.2	2.2	2.2	2.2	2.2	2.2	2.2
1.9	1.9	1.9	1.9	1.9	1.9	1.9	1.9	1.9	1.9
1.0	1.0	1.0	1.0	1.0	1.0	1.0	1.0	1.0	1.0
2.4	2.4	2.4	2.4	2.4	2.4	2.4	2.4	2.4	2.4
2.6	2.6	2.6	2.6	2.6	2.6	2.6	2.6	2.6	2.6
1.9	1.9	1.9	1.9	1.9	1.9	1.9	1.9	1.9	1.9
2.4	2.4	2.4	2.4	2.4	2.4	2.4	2.4	2.4	2.4
2.2	2.2	2.2	2.2	2.2	2.2	2.2	2.2	2.2	2.2
2.4	2.4	2.4	2.4	2.4	2.4	2.4	2.4	2.4	2.4
2.4	2.4	2.4	2.4	2.4	2.4	2.4	2.4	2.4	2.4
3.7	3.7	3.7	3.7	3.7	3.7	3.7	3.7	3.7	3.7
3.5	3.5	3.5	3.5	3.5	3.5	3.5	3.5	3.5	3.5
1.7	1.7	1.7	1.7	1.7	1.7	1.7	1.7	1.7	1.7
1.6	1.6	1.6	1.6	1.6	1.6	1.6	1.6	1.6	1.6
2.0	2.0	2.0	2.0	2.0	2.0	2.0	2.0	2.0	2.0
2.2	2.2	2.2	2.2	2.2	2.2	2.2	2.2	2.2	2.2
0.5	0.5	0.5	0.5	0.5	0.5	0.5	0.5	0.5	0.5
0.1	0.1	0.1	0.1	0.1	0.1	0.1	0.1	0.1	0.1
2.9	2.9	2.9	2.9	2.9	2.9	2.9	2.9	2.9	2.9
0.7	0.7	0.7	0.7	0.7	0.7	0.7	0.7	0.7	0.7
1.1	1.1	1.1	1.1	1.1	1.1	1.1	1.1	1.1	1.1
3.5	3.5	3.5	3.5	3.5	3.5	3.5	3.5	3.5	3.5
3.2	3.2	3.2	3.2	3.2	3.2	3.2	3.2	3.2	3.2
4.3	4.3	4.3	4.3	4.3	4.3	4.3	4.3	4.3	4.3
0.4	0.4	0.4	0.4	0.4	0.4	0.4	0.4	0.4	0.4
1.8	1.8	1.8	1.8	1.8	1.8	1.8	1.8	1.8	1.8
5.2	5.2	5.2	5.2	5.2	5.2	5.2	5.2	5.2	5.2
2.6	2.6	2.6	2.6	2.6	2.6	2.6	2.6	2.6	2.6
1.6	1.6	1.6	1.6	1.6	1.6	1.6	1.6	1.6	1.6
0.5	0.5	0.5	0.5	0.5	0.5	0.5	0.5	0.5	0.5
2.3	2.3	2.3	2.3	2.3	2.3	2.3	2.3	2.3	2.3
4.2	4.2	4.2	4.2	4.2	4.2	4.2	4.2	4.2	4.2
5.9	5.9	5.9	5.9	5.9	5.9	5.9	5.9	5.9	5.9
5.1	5.1	5.1	5.1	5.1	5.1	5.1	5.1	5.1	5.1
3.6	3.6	3.6	3.6	3.6	3.6	3.6	3.6	3.6	3.6
3.3	3.3	3.3	3.3	3.3	3.3	3.3	3.3	3.3	3.3
0.9	0.9	0.9	0.9	0.9	0.9	0.9	0.9	0.9	0.9
1.7	1.7	1.7	1.7	1.7	1.7	1.7	1.7	1.7	1.7
1.0	1.0	1.0	1.0	1.0	1.0	1.0	1.0	1.0	1.0
5.0	5.0	5.0	5.0	5.0	5.0	5.0	5.0	5.0	5.0
4.2	4.2	4.2	4.2	4.2	4.2	4.2	4.2	4.2	4.2
3.0	3.0	3.0	3.0	3.0	3.0	3.0	3.0	3.0	3.0
0.1	0.1	0.1	0.1	0.1	0.1	0.1	0.1	0.1	0.1
4.7	4.7	4.7	4.7	4.7	4.7	4.7	4.7	4.7	4.7
0.9	0.9	0.9	0.9	0.9	0.9	0.9	0.9	0.9	0.9
5.4	5.4	5.4	5.4	5.4	5.4	5.4	5.4	5.4	5.4
2.8	2.8	2.8	2.8	2.8	2.8	2.8	2.8	2.8	2.8
2.5	2.5	2.5	2.5	2.5	2.5	2.5	2.5	2.5	2.5
0.7	0.7	0.7	0.7	0.7	0.7	0.7	0.7	0.7	0.7
3.8	3.8	3.8	3.8	3.8	3.8	3.8	3.8	3.8	3.8
1.0	1.0	1.0	1.0	1.0	1.0	1.0	1.0	1.0	1.0
6.4	6.4	6.4	6.4	6.4	6.4	6.4	6.4	6.4	6.4
4.0	4.0	4.0	4.0	4.0	4.0	4.0	4.0	4.0	4.0
3.3	3.3	3.3	3.3	3.3	3.3	3.3	3.3	3.3	3.3
3.5	3.5	3.5	3.5	3.5	3.5	3.5	3.5	3.5	3.5
1.8	1.8	1.8	1.8	1.8	1.8	1.8	1.8	1.8	1.8
2.5	2.5	2.5	2.5	2.5	2.5	2.5	2.5	2.5	2.5
2.4	2.4	2.4	2.4	2.4	2.4	2.4	2.4	2.4	2.4
0.4	0.4	0.4	0.4	0.4	0.4	0.4	0.4	0.4	0.4
2.5	2.5	2.5	2.5	2.5	2.5	2.5	2.5	2.5	2.5
0.6	0.6	0.6	0.6	0.6	0.6	0.6	0.6	0.6	0.6
7.2	7.2	7.2	7.2	7.2	7.2	7.2	7.2	7.2	7.2
4.3	4.3	4.3	4.3	4.3	4.3	4.3	4.3	4.3	4.3
5.2	5.2	5.2	5.2	5.2	5.2	5.2	5.2	5.2	5.2
3.2	3.2	3.2	3.2	3.2	3.2	3.2	3.2	3.2	3.2
3.3	3.3	3.3	3.3	3.3	3.3	3.3	3.3	3.3	3.3
2.0	2.0	2.0	2.0	2.0	2.0	2.0	2.0	2.0	2.0
0.9	0.9	0.9	0.9	0.9	0.9	0.9	0.9	0.9	0.9
1.6	1.6	1.6	1.6	1.6	1.6	1.6	1.6	1.6	1.6
1.2	1.2	1.2	1.2	1.2	1.2	1.2	1.2	1.2	1.2
2.4	2.4	2.4	2.4	2.4	2.4	2.4	2.4	2.4	2.4
2.0	2.0	2.0	2.0	2.0	2.0	2.0	2.0	2.0	2.0
0.2	0.2	0.2	0.2	0.2	0.2	0.2	0.2	0.2	0.2
0.5	0.5	0.5	0.5	0.5	0.5	0.5	0.5	0.5	0.5
1.6	1.6	1.6	1.6	1.6	1.6	1.6	1.6	1.6	1.6
1.1	1.1	1.1	1.1	1.1	1.1	1.1	1.1	1.1	1.1
5.8	5.8	5.8	5.8	5.8	5.8	5.8	5.8	5.8	5.8
2.7	2.7	2.7	2.7	2.7	2.7	2.7	2.7	2.7	2.7
3.8	3.8	3.8	3.8	3.8	3.8	3.8	3.8	3.8	3.8
4.8	4.8	4.8	4.8	4.8	4.8	4.8	4.8	4.8	4.8
2.0	2.0	2.0	2.0	2.0	2.0	2.0	2.0	2.0	2.0
4.0	4.0	4.0	4.0	4.0	4.0	4.0	4.0	4.0	4.0
2.5	2.5	2.5	2.5	2.5	2.5	2.5	2.5	2.5	2.5
3.4	3.4	3.4	3.4	3.4	3.4	3.4	3.4	3.4	3.4
6.7	6.7	6.7	6.7	6.7	6.7	6.7	6.7	6.7	6.7
0.9	0.9	0.9	0.9	0.9	0.9	0.9	0.9	0.9	0.9
1.2	1.2	1.2	1.2	1.2	1.2	1.2	1.2	1.2	1.2
4.8	4.8	4.8	4.8	4.8	4.8	4.8	4.8	4.8	4.8
1.2	1.2	1.2	1.2	1.2	1.2	1.2	1.2	1.2	1.2
1.3	1.3	1.3	1.3	1.3	1.3	1.3	1.3	1.3	1.3
4.9	4.9	4.9	4.9	4.9	4.9	4.9	4.9	4.9	4.9
2.6	2.6	2.6	2.6	2.6	2.6	2.6	2.6	2.6	2.6
0.4	0.4	0.4	0.4	0.4	0.4	0.4	0.4	0.4	0.4
3.7	3.7	3.7	3.7	3.7	3.7	3.7	3.7	3.7	3.7
1.9	1.9	1.9	1.9	1.9	1.9	1.9	1.9	1.9	1.9
3.1	3.1	3.1	3.1	3.1	3.1	3.1	3.1	3.1	3.1
1.1	1.1	1.1	1.1	1.1	1.1	1.1	1.1	1.1	1.1
3.8	3.8	3.8	3.8	3.8	3.8	3.8	3.8	3.8	3.8
5.8	5.8	5.8	5.8	5.8	5.8	5.8	5.8	5.8	5.8
2.1	2.1	2.1	2.1	2.1	2.1	2.1	2.1	2.1	2.1
3.4	3.4	3.4	3.4	3.4	3.4	3.4	3.4	3.4	3.4
2.6	2.6	2.6	2.6	2.6	2.6	2.6	2.6	2.6	2.6
5.2	5.2	5.2	5.2	5.2	5.2	5.2	5.2	5.2	5.2
7.0	7.0	7.0	7.0	7.0	7.0	7.0	7.0	7.0	7.0
2.2	2.2	2.2	2.2	2.2	2.2	2.2	2.2	2.2	2.2
3.7	3.7	3.7	3.7	3.7	3.7	3.7	3.7	3.7	3.7
]
