N_MACHINES:10	N_JOBS:200	CHARGING_TIME:60	INITIAL_CHARGE:10
D:[
73	73	73	73	73	73	73	73	73	73
17	17	17	17	17	17	17	17	17	17
27	27	27	27	27	27	27	27	27	27
27	27	27	27	27	27	27	27	27	27
66	66	66	66	66	66	66	66	66	66
28	28	28	28	28	28	28	28	28	28
0	0	0	0	0	0	0	0	0	0
15	15	15	15	15	15	15	15	15	15
51	51	51	51	51	51	51	51	51	51
73	73	73	73	73	73	73	73	73	73
9	9	9	9	9	9	9	9	9	9
5	5	5	5	5	5	5	5	5	5
12	12	12	12	12	12	12	12	12	12
33	33	33	33	33	33	33	33	33	33
79	79	79	79	79	79	79	79	79	79
37	37	37	37	37	37	37	37	37	37
17	17	17	17	17	17	17	17	17	17
22	22	22	22	22	22	22	22	22	22
30	30	30	30	30	30	30	30	30	30
61	61	61	61	61	61	61	61	61	61
26	26	26	26	26	26	26	26	26	26
49	49	49	49	49	49	49	49	49	49
22	22	22	22	22	22	22	22	22	22
52	52	52	52	52	52	52	52	52	52
41	41	41	41	41	41	41	41	41	41
63	63	63	63	63	63	63	63	63	63
75	75	75	75	75	75	75	75	75	75
10	10	10	10	10	10	10	10	10	10
37	37	37	37	37	37	37	37	37	37
64	64	64	64	64	64	64	64	64	64
3	3	3	3	3	3	3	3	3	3
60	60	60	60	60	60	60	60	60	60
59	59	59	59	59	59	59	59	59	59
33	33	33	33	33	33	33	33	33	33
60	60	60	60	60	60	60	60	60	60
27	27	27	27	27	27	27	27	27	27
21	21	21	21	21	21	21	21	21	21
21	21	21	21	21	21	21	21	21	21
33	33	33	33	33	33	33	33	33	33
44	44	44	44	44	44	44	44	44	44
36	36	36	36	36	36	36	36	36	36
88	88	88	88	88	88	88	88	88	88
40	40	40	40	40	40	40	40	40	40
37	37	37	37	37	37	37	37	37	37
20	20	20	20	20	20	20	20	20	20
33	33	33	33	33	33	33	33	33	33
47	47	47	47	47	47	47	47	47	47
29	29	29	29	29	29	29	29	29	29
26	26	26	26	26	26	26	26	26	26
88	88	88	88	88	88	88	88	88	88
3	3	3	3	3	3	3	3	3	3
20	20	20	20	20	20	20	20	20	20
17	17	17	17	17	17	17	17	17	17
40	40	40	40	40	40	40	40	40	40
47	47	47	47	47	47	47	47	47	47
22	22	22	22	22	22	22	22	22	22
27	27	27	27	27	27	27	27	27	27
10	10	10	10	10	10	10	10	10	10
72	72	72	72	72	72	72	72	72	72
22	22	22	22	22	22	22	22	22	22
29	29	29	29	29	29	29	29	29	29
28	28	28	28	28	28	28	28	28	28
45	45	45	45	45	45	45	45	45	45
47	47	47	47	47	47	47	47	47	47
46	46	46	46	46	46	46	46	46	46
26	26	26	26	26	26	26	26	26	26
22	22	22	22	22	22	22	22	22	22
60	60	60	60	60	60	60	60	60	60
19	19	19	19	19	19	19	19	19	19
20	20	20	20	20	20	20	20	20	20
41	41	41	41	41	41	41	41	41	41
13	13	13	13	13	13	13	13	13	13
33	33	33	33	33	33	33	33	33	33
43	43	43	43	43	43	43	43	43	43
78	78	78	78	78	78	78	78	78	78
8	8	8	8	8	8	8	8	8	8
86	86	86	86	86	86	86	86	86	86
30	30	30	30	30	30	30	30	30	30
48	48	48	48	48	48	48	48	48	48
2	2	2	2	2	2	2	2	2	2
28	28	28	28	28	28	28	28	28	28
33	33	33	33	33	33	33	33	33	33
52	52	52	52	52	52	52	52	52	52
9	9	9	9	9	9	9	9	9	9
11	11	11	11	11	11	11	11	11	11
74	74	74	74	74	74	74	74	74	74
12	12	12	12	12	12	12	12	12	12
52	52	52	52	52	52	52	52	52	52
57	57	57	57	57	57	57	57	57	57
36	36	36	36	36	36	36	36	36	36
18	18	18	18	18	18	18	18	18	18
29	29	29	29	29	29	29	29	29	29
67	67	67	67	67	67	67	67	67	67
48	48	48	48	48	48	48	48	48	48
54	54	54	54	54	54	54	54	54	54
43	43	43	43	43	43	43	43	43	43
48	48	48	48	48	48	48	48	48	48
82	82	82	82	82	82	82	82	82	82
26	26	26	26	26	26	26	26	26	26
53	53	53	53	53	53	53	53	53	53
24	24	24	24	24	24	24	24	24	24
19	19	19	19	19	19	19	19	19	19
10	10	10	10	10	10	10	10	10	10
53	53	53	53	53	53	53	53	53	53
63	63	63	63	63	63	63	63	63	63
95	95	95	95	95	95	95	95	95	95
11	11	11	11	11	11	11	11	11	11
22	22	22	22	22	22	22	22	22	22
13	13	13	13	13	13	13	13	13	13
36	36	36	36	36	36	36	36	36	36
57	57	57	57	57	57	57	57	57	57
18	18	18	18	18	18	18	18	18	18
27	27	27	27	27	27	27	27	27	27
10	10	10	10	10	10	10	10	10	10
22	22	22	22	22	22	22	22	22	22
113	113	113	113	113	113	113	113	113	113
22	22	22	22	22	22	22	22	22	22
38	38	38	38	38	38	38	38	38	38
15	15	15	15	15	15	15	15	15	15
37	37	37	37	37	37	37	37	37	37
59	59	59	59	59	59	59	59	59	59
40	40	40	40	40	40	40	40	40	40
38	38	38	38	38	38	38	38	38	38
36	36	36	36	36	36	36	36	36	36
16	16	16	16	16	16	16	16	16	16
77	77	77	77	77	77	77	77	77	77
30	30	30	30	30	30	30	30	30	30
13	13	13	13	13	13	13	13	13	13
11	11	11	11	11	11	11	11	11	11
70	70	70	70	70	70	70	70	70	70
12	12	12	12	12	12	12	12	12	12
45	45	45	45	45	45	45	45	45	45
31	31	31	31	31	31	31	31	31	31
20	20	20	20	20	20	20	20	20	20
31	31	31	31	31	31	31	31	31	31
9	9	9	9	9	9	9	9	9	9
32	32	32	32	32	32	32	32	32	32
52	52	52	52	52	52	52	52	52	52
54	54	54	54	54	54	54	54	54	54
26	26	26	26	26	26	26	26	26	26
73	73	73	73	73	73	73	73	73	73
11	11	11	11	11	11	11	11	11	11
22	22	22	22	22	22	22	22	22	22
55	55	55	55	55	55	55	55	55	55
15	15	15	15	15	15	15	15	15	15
17	17	17	17	17	17	17	17	17	17
73	73	73	73	73	73	73	73	73	73
55	55	55	55	55	55	55	55	55	55
13	13	13	13	13	13	13	13	13	13
31	31	31	31	31	31	31	31	31	31
48	48	48	48	48	48	48	48	48	48
47	47	47	47	47	47	47	47	47	47
75	75	75	75	75	75	75	75	75	75
23	23	23	23	23	23	23	23	23	23
33	33	33	33	33	33	33	33	33	33
4	4	4	4	4	4	4	4	4	4
30	30	30	30	30	30	30	30	30	30
20	20	20	20	20	20	20	20	20	20
66	66	66	66	66	66	66	66	66	66
23	23	23	23	23	23	23	23	23	23
33	33	33	33	33	33	33	33	33	33
14	14	14	14	14	14	14	14	14	14
65	65	65	65	65	65	65	65	65	65
19	19	19	19	19	19	19	19	19	19
25	25	25	25	25	25	25	25	25	25
17	17	17	17	17	17	17	17	17	17
7	7	7	7	7	7	7	7	7	7
20	20	20	20	20	20	20	20	20	20
11	11	11	11	11	11	11	11	11	11
23	23	23	23	23	23	23	23	23	23
3	3	3	3	3	3	3	3	3	3
38	38	38	38	38	38	38	38	38	38
4	4	4	4	4	4	4	4	4	4
32	32	32	32	32	32	32	32	32	32
34	34	34	34	34	34	34	34	34	34
70	70	70	70	70	70	70	70	70	70
66	66	66	66	66	66	66	66	66	66
53	53	53	53	53	53	53	53	53	53
12	12	12	12	12	12	12	12	12	12
40	40	40	40	40	40	40	40	40	40
14	14	14	14	14	14	14	14	14	14
7	7	7	7	7	7	7	7	7	7
92	92	92	92	92	92	92	92	92	92
43	43	43	43	43	43	43	43	43	43
54	54	54	54	54	54	54	54	54	54
60	60	60	60	60	60	60	60	60	60
4	4	4	4	4	4	4	4	4	4
9	9	9	9	9	9	9	9	9	9
11	11	11	11	11	11	11	11	11	11
34	34	34	34	34	34	34	34	34	34
51	51	51	51	51	51	51	51	51	51
11	11	11	11	11	11	11	11	11	11
70	70	70	70	70	70	70	70	70	70
54	54	54	54	54	54	54	54	54	54
28	28	28	28	28	28	28	28	28	28
23	23	23	23	23	23	23	23	23	23
36	36	36	36	36	36	36	36	36	36
11	11	11	11	11	11	11	11	11	11
72	72	72	72	72	72	72	72	72	72
37	37	37	37	37	37	37	37	37	37
]
w:[
1.3	1.3	1.3	1.3	1.3	1.3	1.3	1.3	1.3	1.3
4.0	4.0	4.0	4.0	4.0	4.0	4.0	4.0	4.0	4.0
4.0	4.0	4.0	4.0	4.0	4.0	4.0	4.0	4.0	4.0
1.9	1.9	1.9	1.9	1.9	1.9	1.9	1.9	1.9	1.9
1.7	1.7	1.7	1.7	1.7	1.7	1.7	1.7	1.7	1.7
3.5	3.5	3.5	3.5	3.5	3.5	3.5	3.5	3.5	3.5
3.9	3.9	3.9	3.9	3.9	3.9	3.9	3.9	3.9	3.9
2.3	2.3	2.3	2.3	2.3	2.3	2.3	2.3	2.3	2.3
0.4	0.4	0.4	0.4	0.4	0.4	0.4	0.4	0.4	0.4
5.0	5.0	5.0	5.0	5.0	5.0	5.0	5.0	5.0	5.0
1.8	1.8	1.8	1.8	1.8	1.8	1.8	1.8	1.8	1.8
4.8	4.8	4.8	4.8	4.8	4.8	4.8	4.8	4.8	4.8
2.8	2.8	2.8	2.8	2.8	2.8	2.8	2.8	2.8	2.8
7.0	7.0	7.0	7.0	7.0	7.0	7.0	7.0	7.0	7.0
3.0	3.0	3.0	3.0	3.0	3.0	3.0	3.0	3.0	3.0
1.3	1.3	1.3	1.3	1.3	1.3	1.3	1.3	1.3	1.3
4.5	4.5	4.5	4.5	4.5	4.5	4.5	4.5	4.5	4.5
1.5	1.5	1.5	1.5	1.5	1.5	1.5	1.5	1.5	1.5
3.4	3.4	3.4	3.4	3.4	3.4	3.4	3.4	3.4	3.4
2.2	2.2	2.2	2.2	2.2	2.2	2.2	2.2	2.2	2.2
3.1	3.1	3.1	3.1	3.1	3.1	3.1	3.1	3.1	3.1
2.1	2.1	2.1	2.1	2.1	2.1	2.1	2.1	2.1	2.1
2.9	2.9	2.9	2.9	2.9	2.9	2.9	2.9	2.9	2.9
3.6	3.6	3.6	3.6	3.6	3.6	3.6	3.6	3.6	3.6
4.5	4.5	4.5	4.5	4.5	4.5	4.5	4.5	4.5	4.5
3.4	3.4	3.4	3.4	3.4	3.4	3.4	3.4	3.4	3.4
3.6	3.6	3.6	3.6	3.6	3.6	3.6	3.6	3.6	3.6
4.8	4.8	4.8	4.8	4.8	4.8	4.8	4.8	4.8	4.8
4.1	4.1	4.1	4.1	4.1	4.1	4.1	4.1	4.1	4.1
1.4	1.4	1.4	1.4	1.4	1.4	1.4	1.4	1.4	1.4
0.9	0.9	0.9	0.9	0.9	0.9	0.9	0.9	0.9	0.9
4.2	4.2	4.2	4.2	4.2	4.2	4.2	4.2	4.2	4.2
3.2	3.2	3.2	3.2	3.2	3.2	3.2	3.2	3.2	3.2
4.6	4.6	4.6	4.6	4.6	4.6	4.6	4.6	4.6	4.6
2.0	2.0	2.0	2.0	2.0	2.0	2.0	2.0	2.0	2.0
3.2	3.2	3.2	3.2	3.2	3.2	3.2	3.2	3.2	3.2
3.7	3.7	3.7	3.7	3.7	3.7	3.7	3.7	3.7	3.7
1.4	1.4	1.4	1.4	1.4	1.4	1.4	1.4	1.4	1.4
3.2	3.2	3.2	3.2	3.2	3.2	3.2	3.2	3.2	3.2
3.3	3.3	3.3	3.3	3.3	3.3	3.3	3.3	3.3	3.3
2.5	2.5	2.5	2.5	2.5	2.5	2.5	2.5	2.5	2.5
3.2	3.2	3.2	3.2	3.2	3.2	3.2	3.2	3.2	3.2
2.0	2.0	2.0	2.0	2.0	2.0	2.0	2.0	2.0	2.0
1.6	1.6	1.6	1.6	1.6	1.6	1.6	1.6	1.6	1.6
4.3	4.3	4.3	4.3	4.3	4.3	4.3	4.3	4.3	4.3
4.3	4.3	4.3	4.3	4.3	4.3	4.3	4.3	4.3	4.3
1.1	1.1	1.1	1.1	1.1	1.1	1.1	1.1	1.1	1.1
1.6	1.6	1.6	1.6	1.6	1.6	1.6	1.6	1.6	1.6
2.6	2.6	2.6	2.6	2.6	2.6	2.6	2.6	2.6	2.6
0.7	0.7	0.7	0.7	0.7	0.7	0.7	0.7	0.7	0.7
3.1	3.1	3.1	3.1	3.1	3.1	3.1	3.1	3.1	3.1
3.6	3.6	3.6	3.6	3.6	3.6	3.6	3.6	3.6	3.6
0.6	0.6	0.6	0.6	0.6	0.6	0.6	0.6	0.6	0.6
1.5	1.5	1.5	1.5	1.5	1.5	1.5	1.5	1.5	1.5
1.2	1.2	1.2	1.2	1.2	1.2	1.2	1.2	1.2	1.2
1.0	1.0	1.0	1.0	1.0	1.0	1.0	1.0	1.0	1.0
3.1	3.1	3.1	3.1	3.1	3.1	3.1	3.1	3.1	3.1
2.8	2.8	2.8	2.8	2.8	2.8	2.8	2.8	2.8	2.8
2.0	2.0	2.0	2.0	2.0	2.0	2.0	2.0	2.0	2.0
1.4	1.4	1.4	1.4	1.4	1.4	1.4	1.4	1.4	1.4
2.3	2.3	2.3	2.3	2.3	2.3	2.3	2.3	2.3	2.3
0.4	0.4	0.4	0.4	0.4	0.4	0.4	0.4	0.4	0.4
3.4	3.4	3.4	3.4	3.4	3.4	3.4	3.4	3.4	3.4
1.7	1.7	1.7	1.7	1.7	1.7	1.7	1.7	1.7	1.7
3.3	3.3	3.3	3.3	3.3	3.3	3.3	3.3	3.3	3.3
3.6	3.6	3.6	3.6	3.6	3.6	3.6	3.6	3.6	3.6
3.2	3.2	3.2	3.2	3.2	3.2	3.2	3.2	3.2	3.2
1.4	1.4	1.4	1.4	1.4	1.4	1.4	1.4	1.4	1.4
1.6	1.6	1.6	1.6	1.6	1.6	1.6	1.6	1.6	1.6
3.7	3.7	3.7	3.7	3.7	3.7	3.7	3.7	3.7	3.7
1.1	1.1	1.1	1.1	1.1	1.1	1.1	1.1	1.1	1.1
3.6	3.6	3.6	3.6	3.6	3.6	3.6	3.6	3.6	3.6
1.0	1.0	1.0	1.0	1.0	1.0	1.0	1.0	1.0	1.0
4.5	4.5	4.5	4.5	4.5	4.5	4.5	4.5	4.5	4.5
3.4	3.4	3.4	3.4	3.4	3.4	3.4	3.4	3.4	3.4
3.3	3.3	3.3	3.3	3.3	3.3	3.3	3.3	3.3	3.3
1.0	1.0	1.0	1.0	1.0	1.0	1.0	1.0	1.0	1.0
1.5	1.5	1.5	1.5	1.5	1.5	1.5	1.5	1.5	1.5
0.8	0.8	0.8	0.8	0.8	0.8	0.8	0.8	0.8	0.8
4.4	4.4	4.4	4.4	4.4	4.4	4.4	4.4	4.4	4.4
0.5	0.5	0.5	0.5	0.5	0.5	0.5	0.5	0.5	0.5
1.5	1.5	1.5	1.5	1.5	1.5	1.5	1.5	1.5	1.5
3.9	3.9	3.9	3.9	3.9	3.9	3.9	3.9	3.9	3.9
2.0	2.0	2.0	2.0	2.0	2.0	2.0	2.0	2.0	2.0
3.2	3.2	3.2	3.2	3.2	3.2	3.2	3.2	3.2	3.2
1.0	1.0	1.0	1.0	1.0	1.0	1.0	1.0	1.0	1.0
4.0	4.0	4.0	4.0	4.0	4.0	4.0	4.0	4.0	4.0
3.0	3.0	3.0	3.0	3.0	3.0	3.0	3.0	3.0	3.0
5.1	5.1	5.1	5.1	5.1	5.1	5.1	5.1	5.1	5.1
1.5	1.5	1.5	1.5	1.5	1.5	1.5	1.5	1.5	1.5
1.7	1.7	1.7	1.7	1.7	1.7	1.7	1.7	1.7	1.7
2.5	2.5	2.5	2.5	2.5	2.5	2.5	2.5	2.5	2.5
5.4	5.4	5.4	5.4	5.4	5.4	5.4	5.4	5.4	5.4
0.3	0.3	0.3	0.3	0.3	0.3	0.3	0.3	0.3	0.3
1.5	1.5	1.5	1.5	1.5	1.5	1.5	1.5	1.5	1.5
1.2	1.2	1.2	1.2	1.2	1.2	1.2	1.2	1.2	1.2
5.0	5.0	5.0	5.0	5.0	5.0	5.0	5.0	5.0	5.0
5.1	5.1	5.1	5.1	5.1	5.1	5.1	5.1	5.1	5.1
3.5	3.5	3.5	3.5	3.5	3.5	3.5	3.5	3.5	3.5
2.1	2.1	2.1	2.1	2.1	2.1	2.1	2.1	2.1	2.1
3.9	3.9	3.9	3.9	3.9	3.9	3.9	3.9	3.9	3.9
1.2	1.2	1.2	1.2	1.2	1.2	1.2	1.2	1.2	1.2
3.2	3.2	3.2	3.2	3.2	3.2	3.2	3.2	3.2	3.2
0.6	0.6	0.6	0.6	0.6	0.6	0.6	0.6	0.6	0.6
0.2	0.2	0.2	0.2	0.2	0.2	0.2	0.2	0.2	0.2
2.2	2.2	2.2	2.2	2.2	2.2	2.2	2.2	2.2	2.2
2.1	2.1	2.1	2.1	2.1	2.1	2.1	2.1	2.1	2.1
3.2	3.2	3.2	3.2	3.2	3.2	3.2	3.2	3.2	3.2
3.8	3.8	3.8	3.8	3.8	3.8	3.8	3.8	3.8	3.8
2.7	2.7	2.7	2.7	2.7	2.7	2.7	2.7	2.7	2.7
4.1	4.1	4.1	4.1	4.1	4.1	4.1	4.1	4.1	4.1
0.6	0.6	0.6	0.6	0.6	0.6	0.6	0.6	0.6	0.6
1.6	1.6	1.6	1.6	1.6	1.6	1.6	1.6	1.6	1.6
1.3	1.3	1.3	1.3	1.3	1.3	1.3	1.3	1.3	1.3
5.0	5.0	5.0	5.0	5.0	5.0	5.0	5.0	5.0	5.0
0.1	0.1	0.1	0.1	0.1	0.1	0.1	0.1	0.1	0.1
3.3	3.3	3.3	3.3	3.3	3.3	3.3	3.3	3.3	3.3
0.7	0.7	0.7	0.7	0.7	0.7	0.7	0.7	0.7	0.7
3.9	3.9	3.9	3.9	3.9	3.9	3.9	3.9	3.9	3.9
5.1	5.1	5.1	5.1	5.1	5.1	5.1	5.1	5.1	5.1
2.8	2.8	2.8	2.8	2.8	2.8	2.8	2.8	2.8	2.8
2.2	2.2	2.2	2.2	2.2	2.2	2.2	2.2	2.2	2.2
0.8	0.8	0.8	0.8	0.8	0.8	0.8	0.8	0.8	0.8
3.2	3.2	3.2	3.2	3.2	3.2	3.2	3.2	3.2	3.2
1.0	1.0	1.0	1.0	1.0	1.0	1.0	1.0	1.0	1.0
3.6	3.6	3.6	3.6	3.6	3.6	3.6	3.6	3.6	3.6
0.7	0.7	0.7	0.7	0.7	0.7	0.7	0.7	0.7	0.7
1.3	1.3	1.3	1.3	1.3	1.3	1.3	1.3	1.3	1.3
1.9	1.9	1.9	1.9	1.9	1.9	1.9	1.9	1.9	1.9
2.7	2.7	2.7	2.7	2.7	2.7	2.7	2.7	2.7	2.7
4.7	4.7	4.7	4.7	4.7	4.7	4.7	4.7	4.7	4.7
0.8	0.8	0.8	0.8	0.8	0.8	0.8	0.8	0.8	0.8
3.2	3.2	3.2	3.2	3.2	3.2	3.2	3.2	3.2	3.2
2.8	2.8	2.8	2.8	2.8	2.8	2.8	2.8	2.8	2.8
2.2	2.2	2.2	2.2	2.2	2.2	2.2	2.2	2.2	2.2
4.3	4.3	4.3	4.3	4.3	4.3	4.3	4.3	4.3	4.3
4.3	4.3	4.3	4.3	4.3	4.3	4.3	4.3	4.3	4.3
1.9	1.9	1.9	1.9	1.9	1.9	1.9	1.9	1.9	1.9
3.2	3.2	3.2	3.2	3.2	3.2	3.2	3.2	3.2	3.2
2.5	2.5	2.5	2.5	2.5	2.5	2.5	2.5	2.5	2.5
3.7	3.7	3.7	3.7	3.7	3.7	3.7	3.7	3.7	3.7
2.5	2.5	2.5	2.5	2.5	2.5	2.5	2.5	2.5	2.5
1.6	1.6	1.6	1.6	1.6	1.6	1.6	1.6	1.6	1.6
1.9	1.9	1.9	1.9	1.9	1.9	1.9	1.9	1.9	1.9
5.7	5.7	5.7	5.7	5.7	5.7	5.7	5.7	5.7	5.7
4.0	4.0	4.0	4.0	4.0	4.0	4.0	4.0	4.0	4.0
2.3	2.3	2.3	2.3	2.3	2.3	2.3	2.3	2.3	2.3
5.0	5.0	5.0	5.0	5.0	5.0	5.0	5.0	5.0	5.0
3.0	3.0	3.0	3.0	3.0	3.0	3.0	3.0	3.0	3.0
3.6	3.6	3.6	3.6	3.6	3.6	3.6	3.6	3.6	3.6
0.3	0.3	0.3	0.3	0.3	0.3	0.3	0.3	0.3	0.3
2.4	2.4	2.4	2.4	2.4	2.4	2.4	2.4	2.4	2.4
1.4	1.4	1.4	1.4	1.4	1.4	1.4	1.4	1.4	1.4
1.3	1.3	1.3	1.3	1.3	1.3	1.3	1.3	1.3	1.3
4.3	4.3	4.3	4.3	4.3	4.3	4.3	4.3	4.3	4.3
0.3	0.3	0.3	0.3	0.3	0.3	0.3	0.3	0.3	0.3
0.5	0.5	0.5	0.5	0.5	0.5	0.5	0.5	0.5	0.5
1.4	1.4	1.4	1.4	1.4	1.4	1.4	1.4	1.4	1.4
2.1	2.1	2.1	2.1	2.1	2.1	2.1	2.1	2.1	2.1
3.0	3.0	3.0	3.0	3.0	3.0	3.0	3.0	3.0	3.0
3.3	3.3	3.3	3.3	3.3	3.3	3.3	3.3	3.3	3.3
1.5	1.5	1.5	1.5	1.5	1.5	1.5	1.5	1.5	1.5
2.0	2.0	2.0	2.0	2.0	2.0	2.0	2.0	2.0	2.0
0.4	0.4	0.4	0.4	0.4	0.4	0.4	0.4	0.4	0.4
1.9	1.9	1.9	1.9	1.9	1.9	1.9	1.9	1.9	1.9
3.5	3.5	3.5	3.5	3.5	3.5	3.5	3.5	3.5	3.5
0.4	0.4	0.4	0.4	0.4	0.4	0.4	0.4	0.4	0.4
3.2	3.2	3.2	3.2	3.2	3.2	3.2	3.2	3.2	3.2
4.5	4.5	4.5	4.5	4.5	4.5	4.5	4.5	4.5	4.5
1.4	1.4	1.4	1.4	1.4	1.4	1.4	1.4	1.4	1.4
2.5	2.5	2.5	2.5	2.5	2.5	2.5	2.5	2.5	2.5
2.9	2.9	2.9	2.9	2.9	2.9	2.9	2.9	2.9	2.9
0.6	0.6	0.6	0.6	0.6	0.6	0.6	0.6	0.6	0.6
6.7	6.7	6.7	6.7	6.7	6.7	6.7	6.7	6.7	6.7
1.8	1.8	1.8	1.8	1.8	1.8	1.8	1.8	1.8	1.8
4.6	4.6	4.6	4.6	4.6	4.6	4.6	4.6	4.6	4.6
0.7	0.7	0.7	0.7	0.7	0.7	0.7	0.7	0.7	0.7
3.7	3.7	3.7	3.7	3.7	3.7	3.7	3.7	3.7	3.7
3.9	3.9	3.9	3.9	3.9	3.9	3.9	3.9	3.9	3.9
0.9	0.9	0.9	0.9	0.9	0.9	0.9	0.9	0.9	0.9
0.4	0.4	0.4	0.4	0.4	0.4	0.4	0.4	0.4	0.4
1.3	1.3	1.3	1.3	1.3	1.3	1.3	1.3	1.3	1.3
4.7	4.7	4.7	4.7	4.7	4.7	4.7	4.7	4.7	4.7
3.4	3.4	3.4	3.4	3.4	3.4	3.4	3.4	3.4	3.4
1.8	1.8	1.8	1.8	1.8	1.8	1.8	1.8	1.8	1.8
3.1	3.1	3.1	3.1	3.1	3.1	3.1	3.1	3.1	3.1
1.7	1.7	1.7	1.7	1.7	1.7	1.7	1.7	1.7	1.7
2.7	2.7	2.7	2.7	2.7	2.7	2.7	2.7	2.7	2.7
1.4	1.4	1.4	1.4	1.4	1.4	1.4	1.4	1.4	1.4
3.0	3.0	3.0	3.0	3.0	3.0	3.0	3.0	3.0	3.0
0.2	0.2	0.2	0.2	0.2	0.2	0.2	0.2	0.2	0.2
1.1	1.1	1.1	1.1	1.1	1.1	1.1	1.1	1.1	1.1
3.6	3.6	3.6	3.6	3.6	3.6	3.6	3.6	3.6	3.6
3.6	3.6	3.6	3.6	3.6	3.6	3.6	3.6	3.6	3.6
1.8	1.8	1.8	1.8	1.8	1.8	1.8	1.8	1.8	1.8
4.3	4.3	4.3	4.3	4.3	4.3	4.3	4.3	4.3	4.3
2.1	2.1	2.1	2.1	2.1	2.1	2.1	2.1	2.1	2.1
4.1	4.1	4.1	4.1	4.1	4.1	4.1	4.1	4.1	4.1
2.4	2.4	2.4	2.4	2.4	2.4	2.4	2.4	2.4	2.4
0.9	0.9	0.9	0.9	0.9	0.9	0.9	0.9	0.9	0.9
]
