N_MACHINES:10	N_JOBS:50	CHARGING_TIME:60	INITIAL_CHARGE:10
D:[
78	78	78	78	78	78	78	78	78	78
44	44	44	44	44	44	44	44	44	44
56	56	56	56	56	56	56	56	56	56
92	92	92	92	92	92	92	92	92	92
17	17	17	17	17	17	17	17	17	17
45	45	45	45	45	45	45	45	45	45
22	22	22	22	22	22	22	22	22	22
76	76	76	76	76	76	76	76	76	76
57	57	57	57	57	57	57	57	57	57
42	42	42	42	42	42	42	42	42	42
72	72	72	72	72	72	72	72	72	72
63	63	63	63	63	63	63	63	63	63
52	52	52	52	52	52	52	52	52	52
17	17	17	17	17	17	17	17	17	17
34	34	34	34	34	34	34	34	34	34
36	36	36	36	36	36	36	36	36	36
3	3	3	3	3	3	3	3	3	3
41	41	41	41	41	41	41	41	41	41
28	28	28	28	28	28	28	28	28	28
68	68	68	68	68	68	68	68	68	68
16	16	16	16	16	16	16	16	16	16
39	39	39	39	39	39	39	39	39	39
75	75	75	75	75	75	75	75	75	75
65	65	65	65	65	65	65	65	65	65
13	13	13	13	13	13	13	13	13	13
83	83	83	83	83	83	83	83	83	83
66	66	66	66	66	66	66	66	66	66
54	54	54	54	54	54	54	54	54	54
21	21	21	21	21	21	21	21	21	21
42	42	42	42	42	42	42	42	42	42
44	44	44	44	44	44	44	44	44	44
3	3	3	3	3	3	3	3	3	3
21	21	21	21	21	21	21	21	21	21
33	33	33	33	33	33	33	33	33	33
20	20	20	20	20	20	20	20	20	20
25	25	25	25	25	25	25	25	25	25
34	34	34	34	34	34	34	34	34	34
16	16	16	16	16	16	16	16	16	16
89	89	89	89	89	89	89	89	89	89
125	125	125	125	125	125	125	125	125	125
46	46	46	46	46	46	46	46	46	46
55	55	55	55	55	55	55	55	55	55
9	9	9	9	9	9	9	9	9	9
52	52	52	52	52	52	52	52	52	52
49	49	49	49	49	49	49	49	49	49
39	39	39	39	39	39	39	39	39	39
39	39	39	39	39	39	39	39	39	39
77	77	77	77	77	77	77	77	77	77
34	34	34	34	34	34	34	34	34	34
59	59	59	59	59	59	59	59	59	59
]
w:[
2.6	2.6	2.6	2.6	2.6	2.6	2.6	2.6	2.6	2.6
4.5	4.5	4.5	4.5	4.5	4.5	4.5	4.5	4.5	4.5
4.9	4.9	4.9	4.9	4.9	4.9	4.9	4.9	4.9	4.9
2.2	2.2	2.2	2.2	2.2	2.2	2.2	2.2	2.2	2.2
4.5	4.5	4.5	4.5	4.5	4.5	4.5	4.5	4.5	4.5
1.6	1.6	1.6	1.6	1.6	1.6	1.6	1.6	1.6	1.6
1.4	1.4	1.4	1.4	1.4	1.4	1.4	1.4	1.4	1.4
1.5	1.5	1.5	1.5	1.5	1.5	1.5	1.5	1.5	1.5
5.9	5.9	5.9	5.9	5.9	5.9	5.9	5.9	5.9	5.9
7.3	7.3	7.3	7.3	7.3	7.3	7.3	7.3	7.3	7.3
1.0	1.0	1.0	1.0	1.0	1.0	1.0	1.0	1.0	1.0
5.3	5.3	5.3	5.3	5.3	5.3	5.3	5.3	5.3	5.3
0.3	0.3	0.3	0.3	0.3	0.3	0.3	0.3	0.3	0.3
4.4	4.4	4.4	4.4	4.4	4.4	4.4	4.4	4.4	4.4
1.9	1.9	1.9	1.9	1.9	1.9	1.9	1.9	1.9	1.9
8.3	8.3	8.3	8.3	8.3	8.3	8.3	8.3	8.3	8.3
1.0	1.0	1.0	1.0	1.0	1.0	1.0	1.0	1.0	1.0
7.7	7.7	7.7	7.7	7.7	7.7	7.7	7.7	7.7	7.7
1.6	1.6	1.6	1.6	1.6	1.6	1.6	1.6	1.6	1.6
2.7	2.7	2.7	2.7	2.7	2.7	2.7	2.7	2.7	2.7
9.4	9.4	9.4	9.4	9.4	9.4	9.4	9.4	9.4	9.4
3.3	3.3	3.3	3.3	3.3	3.3	3.3	3.3	3.3	3.3
6.3	6.3	6.3	6.3	6.3	6.3	6.3	6.3	6.3	6.3
3.5	3.5	3.5	3.5	3.5	3.5	3.5	3.5	3.5	3.5
0.1	0.1	0.1	0.1	0.1	0.1	0.1	0.1	0.1	0.1
8.6	8.6	8.6	8.6	8.6	8.6	8.6	8.6	8.6	8.6
0.7	0.7	0.7	0.7	0.7	0.7	0.7	0.7	0.7	0.7
8.6	8.6	8.6	8.6	8.6	8.6	8.6	8.6	8.6	8.6
3.5	3.5	3.5	3.5	3.5	3.5	3.5	3.5	3.5	3.5
7.4	7.4	7.4	7.4	7.4	7.4	7.4	7.4	7.4	7.4
8.7	8.7	8.7	8.7	8.7	8.7	8.7	8.7	8.7	8.7
1.3	1.3	1.3	1.3	1.3	1.3	1.3	1.3	1.3	1.3
1.0	1.0	1.0	1.0	1.0	1.0	1.0	1.0	1.0	1.0
6.5	6.5	6.5	6.5	6.5	6.5	6.5	6.5	6.5	6.5
0.5	0.5	0.5	0.5	0.5	0.5	0.5	0.5	0.5	0.5
5.7	5.7	5.7	5.7	5.7	5.7	5.7	5.7	5.7	5.7
3.2	3.2	3.2	3.2	3.2	3.2	3.2	3.2	3.2	3.2
2.9	2.9	2.9	2.9	2.9	2.9	2.9	2.9	2.9	2.9
9.0	9.0	9.0	9.0	9.0	9.0	9.0	9.0	9.0	9.0
2.9	2.9	2.9	2.9	2.9	2.9	2.9	2.9	2.9	2.9
8.7	8.7	8.7	8.7	8.7	8.7	8.7	8.7	8.7	8.7
6.1	6.1	6.1	6.1	6.1	6.1	6.1	6.1	6.1	6.1
3.6	3.6	3.6	3.6	3.6	3.6	3.6	3.6	3.6	3.6
4.9	4.9	4.9	4.9	4.9	4.9	4.9	4.9	4.9	4.9
5.4	5.4	5.4	5.4	5.4	5.4	5.4	5.4	5.4	5.4
0.1	0.1	0.1	0.1	0.1	0.1	0.1	0.1	0.1	0.1
7.7	7.7	7.7	7.7	7.7	7.7	7.7	7.7	7.7	7.7
0.2	0.2	0.2	0.2	0.2	0.2	0.2	0.2	0.2	0.2
1.3	1.3	1.3	1.3	1.3	1.3	1.3	1.3	1.3	1.3
4.3	4.3	4.3	4.3	4.3	4.3	4.3	4.3	4.3	4.3
]
