N_MACHINES:10	N_JOBS:150	CHARGING_TIME:60	INITIAL_CHARGE:10
D:[
55	55	55	55	55	55	55	55	55	55
30	30	30	30	30	30	30	30	30	30
25	25	25	25	25	25	25	25	25	25
46	46	46	46	46	46	46	46	46	46
6	6	6	6	6	6	6	6	6	6
9	9	9	9	9	9	9	9	9	9
75	75	75	75	75	75	75	75	75	75
14	14	14	14	14	14	14	14	14	14
42	42	42	42	42	42	42	42	42	42
3	3	3	3	3	3	3	3	3	3
42	42	42	42	42	42	42	42	42	42
53	53	53	53	53	53	53	53	53	53
15	15	15	15	15	15	15	15	15	15
73	73	73	73	73	73	73	73	73	73
27	27	27	27	27	27	27	27	27	27
76	76	76	76	76	76	76	76	76	76
76	76	76	76	76	76	76	76	76	76
53	53	53	53	53	53	53	53	53	53
32	32	32	32	32	32	32	32	32	32
15	15	15	15	15	15	15	15	15	15
64	64	64	64	64	64	64	64	64	64
32	32	32	32	32	32	32	32	32	32
70	70	70	70	70	70	70	70	70	70
76	76	76	76	76	76	76	76	76	76
10	10	10	10	10	10	10	10	10	10
9	9	9	9	9	9	9	9	9	9
12	12	12	12	12	12	12	12	12	12
15	15	15	15	15	15	15	15	15	15
54	54	54	54	54	54	54	54	54	54
40	40	40	40	40	40	40	40	40	40
23	23	23	23	23	23	23	23	23	23
46	46	46	46	46	46	46	46	46	46
50	50	50	50	50	50	50	50	50	50
56	56	56	56	56	56	56	56	56	56
20	20	20	20	20	20	20	20	20	20
7	7	7	7	7	7	7	7	7	7
80	80	80	80	80	80	80	80	80	80
4	4	4	4	4	4	4	4	4	4
40	40	40	40	40	40	40	40	40	40
4	4	4	4	4	4	4	4	4	4
29	29	29	29	29	29	29	29	29	29
44	44	44	44	44	44	44	44	44	44
34	34	34	34	34	34	34	34	34	34
16	16	16	16	16	16	16	16	16	16
23	23	23	23	23	23	23	23	23	23
9	9	9	9	9	9	9	9	9	9
17	17	17	17	17	17	17	17	17	17
18	18	18	18	18	18	18	18	18	18
53	53	53	53	53	53	53	53	53	53
12	12	12	12	12	12	12	12	12	12
37	37	37	37	37	37	37	37	37	37
10	10	10	10	10	10	10	10	10	10
39	39	39	39	39	39	39	39	39	39
21	21	21	21	21	21	21	21	21	21
52	52	52	52	52	52	52	52	52	52
44	44	44	44	44	44	44	44	44	44
23	23	23	23	23	23	23	23	23	23
30	30	30	30	30	30	30	30	30	30
31	31	31	31	31	31	31	31	31	31
56	56	56	56	56	56	56	56	56	56
70	70	70	70	70	70	70	70	70	70
49	49	49	49	49	49	49	49	49	49
56	56	56	56	56	56	56	56	56	56
27	27	27	27	27	27	27	27	27	27
27	27	27	27	27	27	27	27	27	27
46	46	46	46	46	46	46	46	46	46
34	34	34	34	34	34	34	34	34	34
43	43	43	43	43	43	43	43	43	43
64	64	64	64	64	64	64	64	64	64
33	33	33	33	33	33	33	33	33	33
22	22	22	22	22	22	22	22	22	22
9	9	9	9	9	9	9	9	9	9
29	29	29	29	29	29	29	29	29	29
15	15	15	15	15	15	15	15	15	15
59	59	59	59	59	59	59	59	59	59
20	20	20	20	20	20	20	20	20	20
54	54	54	54	54	54	54	54	54	54
29	29	29	29	29	29	29	29	29	29
53	53	53	53	53	53	53	53	53	53
35	35	35	35	35	35	35	35	35	35
22	22	22	22	22	22	22	22	22	22
65	65	65	65	65	65	65	65	65	65
20	20	20	20	20	20	20	20	20	20
42	42	42	42	42	42	42	42	42	42
44	44	44	44	44	44	44	44	44	44
45	45	45	45	45	45	45	45	45	45
57	57	57	57	57	57	57	57	57	57
37	37	37	37	37	37	37	37	37	37
19	19	19	19	19	19	19	19	19	19
7	7	7	7	7	7	7	7	7	7
44	44	44	44	44	44	44	44	44	44
24	24	24	24	24	24	24	24	24	24
12	12	12	12	12	12	12	12	12	12
17	17	17	17	17	17	17	17	17	17
43	43	43	43	43	43	43	43	43	43
32	32	32	32	32	32	32	32	32	32
31	31	31	31	31	31	31	31	31	31
11	11	11	11	11	11	11	11	11	11
23	23	23	23	23	23	23	23	23	23
9	9	9	9	9	9	9	9	9	9
19	19	19	19	19	19	19	19	19	19
11	11	11	11	11	11	11	11	11	11
25	25	25	25	25	25	25	25	25	25
1	1	1	1	1	1	1	1	1	1
30	30	30	30	30	30	30	30	30	30
11	11	11	11	11	11	11	11	11	11
12	12	12	12	12	12	12	12	12	12
27	27	27	27	27	27	27	27	27	27
37	37	37	37	37	37	37	37	37	37
1	1	1	1	1	1	1	1	1	1
36	36	36	36	36	36	36	36	36	36
27	27	27	27	27	27	27	27	27	27
32	32	32	32	32	32	32	32	32	32
42	42	42	42	42	42	42	42	42	42
46	46	46	46	46	46	46	46	46	46
9	9	9	9	9	9	9	9	9	9
24	24	24	24	24	24	24	24	24	24
56	56	56	56	56	56	56	56	56	56
30	30	30	30	30	30	30	30	30	30
24	24	24	24	24	24	24	24	24	24
9	9	9	9	9	9	9	9	9	9
40	40	40	40	40	40	40	40	40	40
41	41	41	41	41	41	41	41	41	41
52	52	52	52	52	52	52	52	52	52
67	67	67	67	67	67	67	67	67	67
3	3	3	3	3	3	3	3	3	3
40	40	40	40	40	40	40	40	40	40
70	70	70	70	70	70	70	70	70	70
49	49	49	49	49	49	49	49	49	49
66	66	66	66	66	66	66	66	66	66
19	19	19	19	19	19	19	19	19	19
9	9	9	9	9	9	9	9	9	9
0	0	0	0	0	0	0	0	0	0
89	89	89	89	89	89	89	89	89	89
0	0	0	0	0	0	0	0	0	0
104	104	104	104	104	104	104	104	104	104
53	53	53	53	53	53	53	53	53	53
34	34	34	34	34	34	34	34	34	34
54	54	54	54	54	54	54	54	54	54
0	0	0	0	0	0	0	0	0	0
7	7	7	7	7	7	7	7	7	7
20	20	20	20	20	20	20	20	20	20
0	0	0	0	0	0	0	0	0	0
74	74	74	74	74	74	74	74	74	74
9	9	9	9	9	9	9	9	9	9
41	41	41	41	41	41	41	41	41	41
115	115	115	115	115	115	115	115	115	115
17	17	17	17	17	17	17	17	17	17
23	23	23	23	23	23	23	23	23	23
65	65	65	65	65	65	65	65	65	65
]
w:[
1.4	1.4	1.4	1.4	1.4	1.4	1.4	1.4	1.4	1.4
2.0	2.0	2.0	2.0	2.0	2.0	2.0	2.0	2.0	2.0
0.9	0.9	0.9	0.9	0.9	0.9	0.9	0.9	0.9	0.9
0.5	0.5	0.5	0.5	0.5	0.5	0.5	0.5	0.5	0.5
0.6	0.6	0.6	0.6	0.6	0.6	0.6	0.6	0.6	0.6
1.4	1.4	1.4	1.4	1.4	1.4	1.4	1.4	1.4	1.4
1.3	1.3	1.3	1.3	1.3	1.3	1.3	1.3	1.3	1.3
0.2	0.2	0.2	0.2	0.2	0.2	0.2	0.2	0.2	0.2
1.9	1.9	1.9	1.9	1.9	1.9	1.9	1.9	1.9	1.9
0.6	0.6	0.6	0.6	0.6	0.6	0.6	0.6	0.6	0.6
1.5	1.5	1.5	1.5	1.5	1.5	1.5	1.5	1.5	1.5
2.9	2.9	2.9	2.9	2.9	2.9	2.9	2.9	2.9	2.9
2.5	2.5	2.5	2.5	2.5	2.5	2.5	2.5	2.5	2.5
3.6	3.6	3.6	3.6	3.6	3.6	3.6	3.6	3.6	3.6
1.1	1.1	1.1	1.1	1.1	1.1	1.1	1.1	1.1	1.1
2.1	2.1	2.1	2.1	2.1	2.1	2.1	2.1	2.1	2.1
2.6	2.6	2.6	2.6	2.6	2.6	2.6	2.6	2.6	2.6
0.7	0.7	0.7	0.7	0.7	0.7	0.7	0.7	0.7	0.7
1.1	1.1	1.1	1.1	1.1	1.1	1.1	1.1	1.1	1.1
2.0	2.0	2.0	2.0	2.0	2.0	2.0	2.0	2.0	2.0
1.0	1.0	1.0	1.0	1.0	1.0	1.0	1.0	1.0	1.0
1.8	1.8	1.8	1.8	1.8	1.8	1.8	1.8	1.8	1.8
0.4	0.4	0.4	0.4	0.4	0.4	0.4	0.4	0.4	0.4
0.7	0.7	0.7	0.7	0.7	0.7	0.7	0.7	0.7	0.7
0.4	0.4	0.4	0.4	0.4	0.4	0.4	0.4	0.4	0.4
1.3	1.3	1.3	1.3	1.3	1.3	1.3	1.3	1.3	1.3
1.7	1.7	1.7	1.7	1.7	1.7	1.7	1.7	1.7	1.7
2.4	2.4	2.4	2.4	2.4	2.4	2.4	2.4	2.4	2.4
0.7	0.7	0.7	0.7	0.7	0.7	0.7	0.7	0.7	0.7
1.0	1.0	1.0	1.0	1.0	1.0	1.0	1.0	1.0	1.0
2.1	2.1	2.1	2.1	2.1	2.1	2.1	2.1	2.1	2.1
1.6	1.6	1.6	1.6	1.6	1.6	1.6	1.6	1.6	1.6
0.9	0.9	0.9	0.9	0.9	0.9	0.9	0.9	0.9	0.9
0.1	0.1	0.1	0.1	0.1	0.1	0.1	0.1	0.1	0.1
0.9	0.9	0.9	0.9	0.9	0.9	0.9	0.9	0.9	0.9
0.6	0.6	0.6	0.6	0.6	0.6	0.6	0.6	0.6	0.6
0.7	0.7	0.7	0.7	0.7	0.7	0.7	0.7	0.7	0.7
0.8	0.8	0.8	0.8	0.8	0.8	0.8	0.8	0.8	0.8
1.5	1.5	1.5	1.5	1.5	1.5	1.5	1.5	1.5	1.5
1.9	1.9	1.9	1.9	1.9	1.9	1.9	1.9	1.9	1.9
1.1	1.1	1.1	1.1	1.1	1.1	1.1	1.1	1.1	1.1
1.3	1.3	1.3	1.3	1.3	1.3	1.3	1.3	1.3	1.3
0.7	0.7	0.7	0.7	0.7	0.7	0.7	0.7	0.7	0.7
2.7	2.7	2.7	2.7	2.7	2.7	2.7	2.7	2.7	2.7
1.7	1.7	1.7	1.7	1.7	1.7	1.7	1.7	1.7	1.7
1.6	1.6	1.6	1.6	1.6	1.6	1.6	1.6	1.6	1.6
1.8	1.8	1.8	1.8	1.8	1.8	1.8	1.8	1.8	1.8
1.4	1.4	1.4	1.4	1.4	1.4	1.4	1.4	1.4	1.4
0.8	0.8	0.8	0.8	0.8	0.8	0.8	0.8	0.8	0.8
1.7	1.7	1.7	1.7	1.7	1.7	1.7	1.7	1.7	1.7
0.8	0.8	0.8	0.8	0.8	0.8	0.8	0.8	0.8	0.8
1.0	1.0	1.0	1.0	1.0	1.0	1.0	1.0	1.0	1.0
0.5	0.5	0.5	0.5	0.5	0.5	0.5	0.5	0.5	0.5
2.2	2.2	2.2	2.2	2.2	2.2	2.2	2.2	2.2	2.2
2.1	2.1	2.1	2.1	2.1	2.1	2.1	2.1	2.1	2.1
1.6	1.6	1.6	1.6	1.6	1.6	1.6	1.6	1.6	1.6
0.9	0.9	0.9	0.9	0.9	0.9	0.9	0.9	0.9	0.9
0.4	0.4	0.4	0.4	0.4	0.4	0.4	0.4	0.4	0.4
0.7	0.7	0.7	0.7	0.7	0.7	0.7	0.7	0.7	0.7
1.6	1.6	1.6	1.6	1.6	1.6	1.6	1.6	1.6	1.6
0.3	0.3	0.3	0.3	0.3	0.3	0.3	0.3	0.3	0.3
0.6	0.6	0.6	0.6	0.6	0.6	0.6	0.6	0.6	0.6
0.1	0.1	0.1	0.1	0.1	0.1	0.1	0.1	0.1	0.1
1.8	1.8	1.8	1.8	1.8	1.8	1.8	1.8	1.8	1.8
1.1	1.1	1.1	1.1	1.1	1.1	1.1	1.1	1.1	1.1
1.7	1.7	1.7	1.7	1.7	1.7	1.7	1.7	1.7	1.7
1.9	1.9	1.9	1.9	1.9	1.9	1.9	1.9	1.9	1.9
1.4	1.4	1.4	1.4	1.4	1.4	1.4	1.4	1.4	1.4
1.4	1.4	1.4	1.4	1.4	1.4	1.4	1.4	1.4	1.4
1.2	1.2	1.2	1.2	1.2	1.2	1.2	1.2	1.2	1.2
0.9	0.9	0.9	0.9	0.9	0.9	0.9	0.9	0.9	0.9
0.8	0.8	0.8	0.8	0.8	0.8	0.8	0.8	0.8	0.8
1.5	1.5	1.5	1.5	1.5	1.5	1.5	1.5	1.5	1.5
1.8	1.8	1.8	1.8	1.8	1.8	1.8	1.8	1.8	1.8
2.2	2.2	2.2	2.2	2.2	2.2	2.2	2.2	2.2	2.2
1.1	1.1	1.1	1.1	1.1	1.1	1.1	1.1	1.1	1.1
1.0	1.0	1.0	1.0	1.0	1.0	1.0	1.0	1.0	1.0
0.4	0.4	0.4	0.4	0.4	0.4	0.4	0.4	0.4	0.4
1.3	1.3	1.3	1.3	1.3	1.3	1.3	1.3	1.3	1.3
1.4	1.4	1.4	1.4	1.4	1.4	1.4	1.4	1.4	1.4
1.1	1.1	1.1	1.1	1.1	1.1	1.1	1.1	1.1	1.1
1.9	1.9	1.9	1.9	1.9	1.9	1.9	1.9	1.9	1.9
0.3	0.3	0.3	0.3	0.3	0.3	0.3	0.3	0.3	0.3
1.4	1.4	1.4	1.4	1.4	1.4	1.4	1.4	1.4	1.4
0.3	0.3	0.3	0.3	0.3	0.3	0.3	0.3	0.3	0.3
1.0	1.0	1.0	1.0	1.0	1.0	1.0	1.0	1.0	1.0
2.3	2.3	2.3	2.3	2.3	2.3	2.3	2.3	2.3	2.3
0.6	0.6	0.6	0.6	0.6	0.6	0.6	0.6	0.6	0.6
1.7	1.7	1.7	1.7	1.7	1.7	1.7	1.7	1.7	1.7
0.9	0.9	0.9	0.9	0.9	0.9	0.9	0.9	0.9	0.9
1.9	1.9	1.9	1.9	1.9	1.9	1.9	1.9	1.9	1.9
0.7	0.7	0.7	0.7	0.7	0.7	0.7	0.7	0.7	0.7
1.0	1.0	1.0	1.0	1.0	1.0	1.0	1.0	1.0	1.0
0.3	0.3	0.3	0.3	0.3	0.3	0.3	0.3	0.3	0.3
1.1	1.1	1.1	1.1	1.1	1.1	1.1	1.1	1.1	1.1
1.5	1.5	1.5	1.5	1.5	1.5	1.5	1.5	1.5	1.5
0.4	0.4	0.4	0.4	0.4	0.4	0.4	0.4	0.4	0.4
1.0	1.0	1.0	1.0	1.0	1.0	1.0	1.0	1.0	1.0
0.3	0.3	0.3	0.3	0.3	0.3	0.3	0.3	0.3	0.3
0.1	0.1	0.1	0.1	0.1	0.1	0.1	0.1	0.1	0.1
1.7	1.7	1.7	1.7	1.7	1.7	1.7	1.7	1.7	1.7
3.4	3.4	3.4	3.4	3.4	3.4	3.4	3.4	3.4	3.4
0.9	0.9	0.9	0.9	0.9	0.9	0.9	0.9	0.9	0.9
1.0	1.0	1.0	1.0	1.0	1.0	1.0	1.0	1.0	1.0
1.4	1.4	1.4	1.4	1.4	1.4	1.4	1.4	1.4	1.4
3.1	3.1	3.1	3.1	3.1	3.1	3.1	3.1	3.1	3.1
1.7	1.7	1.7	1.7	1.7	1.7	1.7	1.7	1.7	1.7
1.3	1.3	1.3	1.3	1.3	1.3	1.3	1.3	1.3	1.3
0.2	0.2	0.2	0.2	0.2	0.2	0.2	0.2	0.2	0.2
2.5	2.5	2.5	2.5	2.5	2.5	2.5	2.5	2.5	2.5
2.0	2.0	2.0	2.0	2.0	2.0	2.0	2.0	2.0	2.0
0.4	0.4	0.4	0.4	0.4	0.4	0.4	0.4	0.4	0.4
2.4	2.4	2.4	2.4	2.4	2.4	2.4	2.4	2.4	2.4
2.6	2.6	2.6	2.6	2.6	2.6	2.6	2.6	2.6	2.6
1.0	1.0	1.0	1.0	1.0	1.0	1.0	1.0	1.0	1.0
0.8	0.8	0.8	0.8	0.8	0.8	0.8	0.8	0.8	0.8
2.5	2.5	2.5	2.5	2.5	2.5	2.5	2.5	2.5	2.5
0.3	0.3	0.3	0.3	0.3	0.3	0.3	0.3	0.3	0.3
1.9	1.9	1.9	1.9	1.9	1.9	1.9	1.9	1.9	1.9
1.3	1.3	1.3	1.3	1.3	1.3	1.3	1.3	1.3	1.3
2.1	2.1	2.1	2.1	2.1	2.1	2.1	2.1	2.1	2.1
1.1	1.1	1.1	1.1	1.1	1.1	1.1	1.1	1.1	1.1
0.2	0.2	0.2	0.2	0.2	0.2	0.2	0.2	0.2	0.2
0.7	0.7	0.7	0.7	0.7	0.7	0.7	0.7	0.7	0.7
0.4	0.4	0.4	0.4	0.4	0.4	0.4	0.4	0.4	0.4
0.5	0.5	0.5	0.5	0.5	0.5	0.5	0.5	0.5	0.5
2.6	2.6	2.6	2.6	2.6	2.6	2.6	2.6	2.6	2.6
0.1	0.1	0.1	0.1	0.1	0.1	0.1	0.1	0.1	0.1
0.8	0.8	0.8	0.8	0.8	0.8	0.8	0.8	0.8	0.8
1.6	1.6	1.6	1.6	1.6	1.6	1.6	1.6	1.6	1.6
0.9	0.9	0.9	0.9	0.9	0.9	0.9	0.9	0.9	0.9
3.3	3.3	3.3	3.3	3.3	3.3	3.3	3.3	3.3	3.3
0.7	0.7	0.7	0.7	0.7	0.7	0.7	0.7	0.7	0.7
2.0	2.0	2.0	2.0	2.0	2.0	2.0	2.0	2.0	2.0
1.6	1.6	1.6	1.6	1.6	1.6	1.6	1.6	1.6	1.6
0.2	0.2	0.2	0.2	0.2	0.2	0.2	0.2	0.2	0.2
0.9	0.9	0.9	0.9	0.9	0.9	0.9	0.9	0.9	0.9
1.4	1.4	1.4	1.4	1.4	1.4	1.4	1.4	1.4	1.4
0.3	0.3	0.3	0.3	0.3	0.3	0.3	0.3	0.3	0.3
0.1	0.1	0.1	0.1	0.1	0.1	0.1	0.1	0.1	0.1
0.7	0.7	0.7	0.7	0.7	0.7	0.7	0.7	0.7	0.7
1.4	1.4	1.4	1.4	1.4	1.4	1.4	1.4	1.4	1.4
0.9	0.9	0.9	0.9	0.9	0.9	0.9	0.9	0.9	0.9
1.3	1.3	1.3	1.3	1.3	1.3	1.3	1.3	1.3	1.3
0.3	0.3	0.3	0.3	0.3	0.3	0.3	0.3	0.3	0.3
1.8	1.8	1.8	1.8	1.8	1.8	1.8	1.8	1.8	1.8
0.2	0.2	0.2	0.2	0.2	0.2	0.2	0.2	0.2	0.2
0.4	0.4	0.4	0.4	0.4	0.4	0.4	0.4	0.4	0.4
3.0	3.0	3.0	3.0	3.0	3.0	3.0	3.0	3.0	3.0
1.8	1.8	1.8	1.8	1.8	1.8	1.8	1.8	1.8	1.8
]
