N_MACHINES:5	N_JOBS:200	CHARGING_TIME:60	INITIAL_CHARGE:10
D:[
1	1	1	1	1
9	9	9	9	9
28	28	28	28	28
18	18	18	18	18
26	26	26	26	26
11	11	11	11	11
17	17	17	17	17
7	7	7	7	7
19	19	19	19	19
11	11	11	11	11
20	20	20	20	20
7	7	7	7	7
9	9	9	9	9
12	12	12	12	12
13	13	13	13	13
0	0	0	0	0
6	6	6	6	6
6	6	6	6	6
3	3	3	3	3
14	14	14	14	14
27	27	27	27	27
27	27	27	27	27
22	22	22	22	22
24	24	24	24	24
17	17	17	17	17
2	2	2	2	2
9	9	9	9	9
18	18	18	18	18
25	25	25	25	25
10	10	10	10	10
13	13	13	13	13
0	0	0	0	0
8	8	8	8	8
6	6	6	6	6
5	5	5	5	5
4	4	4	4	4
9	9	9	9	9
12	12	12	12	12
16	16	16	16	16
12	12	12	12	12
17	17	17	17	17
3	3	3	3	3
12	12	12	12	12
26	26	26	26	26
12	12	12	12	12
0	0	0	0	0
2	2	2	2	2
22	22	22	22	22
0	0	0	0	0
10	10	10	10	10
6	6	6	6	6
22	22	22	22	22
17	17	17	17	17
28	28	28	28	28
5	5	5	5	5
11	11	11	11	11
9	9	9	9	9
1	1	1	1	1
16	16	16	16	16
10	10	10	10	10
6	6	6	6	6
17	17	17	17	17
4	4	4	4	4
10	10	10	10	10
4	4	4	4	4
3	3	3	3	3
12	12	12	12	12
11	11	11	11	11
7	7	7	7	7
18	18	18	18	18
0	0	0	0	0
7	7	7	7	7
5	5	5	5	5
0	0	0	0	0
16	16	16	16	16
32	32	32	32	32
22	22	22	22	22
18	18	18	18	18
28	28	28	28	28
16	16	16	16	16
7	7	7	7	7
11	11	11	11	11
6	6	6	6	6
27	27	27	27	27
30	30	30	30	30
10	10	10	10	10
20	20	20	20	20
0	0	0	0	0
11	11	11	11	11
6	6	6	6	6
8	8	8	8	8
7	7	7	7	7
17	17	17	17	17
13	13	13	13	13
16	16	16	16	16
4	4	4	4	4
10	10	10	10	10
13	13	13	13	13
17	17	17	17	17
7	7	7	7	7
0	0	0	0	0
11	11	11	11	11
1	1	1	1	1
12	12	12	12	12
22	22	22	22	22
12	12	12	12	12
11	11	11	11	11
3	3	3	3	3
19	19	19	19	19
2	2	2	2	2
18	18	18	18	18
15	15	15	15	15
1	1	1	1	1
4	4	4	4	4
8	8	8	8	8
3	3	3	3	3
14	14	14	14	14
12	12	12	12	12
12	12	12	12	12
15	15	15	15	15
9	9	9	9	9
16	16	16	16	16
19	19	19	19	19
13	13	13	13	13
12	12	12	12	12
39	39	39	39	39
13	13	13	13	13
13	13	13	13	13
21	21	21	21	21
24	24	24	24	24
6	6	6	6	6
5	5	5	5	5
11	11	11	11	11
23	23	23	23	23
18	18	18	18	18
11	11	11	11	11
4	4	4	4	4
17	17	17	17	17
7	7	7	7	7
18	18	18	18	18
34	34	34	34	34
7	7	7	7	7
15	15	15	15	15
23	23	23	23	23
5	5	5	5	5
17	17	17	17	17
26	26	26	26	26
15	15	15	15	15
7	7	7	7	7
2	2	2	2	2
19	19	19	19	19
20	20	20	20	20
12	12	12	12	12
12	12	12	12	12
3	3	3	3	3
22	22	22	22	22
7	7	7	7	7
9	9	9	9	9
13	13	13	13	13
18	18	18	18	18
19	19	19	19	19
16	16	16	16	16
3	3	3	3	3
3	3	3	3	3
10	10	10	10	10
25	25	25	25	25
5	5	5	5	5
3	3	3	3	3
8	8	8	8	8
25	25	25	25	25
19	19	19	19	19
5	5	5	5	5
29	29	29	29	29
9	9	9	9	9
17	17	17	17	17
12	12	12	12	12
9	9	9	9	9
35	35	35	35	35
15	15	15	15	15
6	6	6	6	6
8	8	8	8	8
6	6	6	6	6
18	18	18	18	18
11	11	11	11	11
9	9	9	9	9
4	4	4	4	4
16	16	16	16	16
16	16	16	16	16
8	8	8	8	8
8	8	8	8	8
22	22	22	22	22
12	12	12	12	12
13	13	13	13	13
1	1	1	1	1
4	4	4	4	4
23	23	23	23	23
7	7	7	7	7
7	7	7	7	7
3	3	3	3	3
21	21	21	21	21
]
w:[
3.0	3.0	3.0	3.0	3.0
1.7	1.7	1.7	1.7	1.7
2.0	2.0	2.0	2.0	2.0
4.1	4.1	4.1	4.1	4.1
4.8	4.8	4.8	4.8	4.8
2.7	2.7	2.7	2.7	2.7
0.6	0.6	0.6	0.6	0.6
0.9	0.9	0.9	0.9	0.9
0.8	0.8	0.8	0.8	0.8
2.6	2.6	2.6	2.6	2.6
2.2	2.2	2.2	2.2	2.2
2.3	2.3	2.3	2.3	2.3
5.0	5.0	5.0	5.0	5.0
2.6	2.6	2.6	2.6	2.6
0.1	0.1	0.1	0.1	0.1
1.4	1.4	1.4	1.4	1.4
2.1	2.1	2.1	2.1	2.1
0.4	0.4	0.4	0.4	0.4
1.5	1.5	1.5	1.5	1.5
5.5	5.5	5.5	5.5	5.5
3.7	3.7	3.7	3.7	3.7
0.2	0.2	0.2	0.2	0.2
3.1	3.1	3.1	3.1	3.1
0.5	0.5	0.5	0.5	0.5
3.5	3.5	3.5	3.5	3.5
2.8	2.8	2.8	2.8	2.8
3.4	3.4	3.4	3.4	3.4
2.9	2.9	2.9	2.9	2.9
0.2	0.2	0.2	0.2	0.2
1.4	1.4	1.4	1.4	1.4
2.6	2.6	2.6	2.6	2.6
4.2	4.2	4.2	4.2	4.2
0.6	0.6	0.6	0.6	0.6
1.7	1.7	1.7	1.7	1.7
1.1	1.1	1.1	1.1	1.1
0.8	0.8	0.8	0.8	0.8
2.4	2.4	2.4	2.4	2.4
5.4	5.4	5.4	5.4	5.4
3.0	3.0	3.0	3.0	3.0
0.7	0.7	0.7	0.7	0.7
3.7	3.7	3.7	3.7	3.7
2.0	2.0	2.0	2.0	2.0
2.5	2.5	2.5	2.5	2.5
2.9	2.9	2.9	2.9	2.9
1.8	1.8	1.8	1.8	1.8
1.3	1.3	1.3	1.3	1.3
4.3	4.3	4.3	4.3	4.3
6.0	6.0	6.0	6.0	6.0
0.6	0.6	0.6	0.6	0.6
1.8	1.8	1.8	1.8	1.8
3.9	3.9	3.9	3.9	3.9
1.1	1.1	1.1	1.1	1.1
2.2	2.2	2.2	2.2	2.2
0.4	0.4	0.4	0.4	0.4
3.0	3.0	3.0	3.0	3.0
0.7	0.7	0.7	0.7	0.7
1.8	1.8	1.8	1.8	1.8
0.7	0.7	0.7	0.7	0.7
0.4	0.4	0.4	0.4	0.4
5.4	5.4	5.4	5.4	5.4
1.1	1.1	1.1	1.1	1.1
0.4	0.4	0.4	0.4	0.4
1.1	1.1	1.1	1.1	1.1
2.8	2.8	2.8	2.8	2.8
1.3	1.3	1.3	1.3	1.3
4.0	4.0	4.0	4.0	4.0
2.5	2.5	2.5	2.5	2.5
1.8	1.8	1.8	1.8	1.8
2.3	2.3	2.3	2.3	2.3
2.8	2.8	2.8	2.8	2.8
0.6	0.6	0.6	0.6	0.6
1.2	1.2	1.2	1.2	1.2
2.7	2.7	2.7	2.7	2.7
3.2	3.2	3.2	3.2	3.2
3.3	3.3	3.3	3.3	3.3
5.5	5.5	5.5	5.5	5.5
0.1	0.1	0.1	0.1	0.1
2.4	2.4	2.4	2.4	2.4
3.8	3.8	3.8	3.8	3.8
1.8	1.8	1.8	1.8	1.8
4.2	4.2	4.2	4.2	4.2
0.3	0.3	0.3	0.3	0.3
5.4	5.4	5.4	5.4	5.4
2.8	2.8	2.8	2.8	2.8
3.9	3.9	3.9	3.9	3.9
4.1	4.1	4.1	4.1	4.1
1.1	1.1	1.1	1.1	1.1
2.0	2.0	2.0	2.0	2.0
1.7	1.7	1.7	1.7	1.7
2.8	2.8	2.8	2.8	2.8
2.1	2.1	2.1	2.1	2.1
1.3	1.3	1.3	1.3	1.3
2.9	2.9	2.9	2.9	2.9
1.3	1.3	1.3	1.3	1.3
1.9	1.9	1.9	1.9	1.9
0.9	0.9	0.9	0.9	0.9
7.6	7.6	7.6	7.6	7.6
4.4	4.4	4.4	4.4	4.4
3.4	3.4	3.4	3.4	3.4
2.4	2.4	2.4	2.4	2.4
2.4	2.4	2.4	2.4	2.4
0.6	0.6	0.6	0.6	0.6
4.8	4.8	4.8	4.8	4.8
0.7	0.7	0.7	0.7	0.7
5.4	5.4	5.4	5.4	5.4
2.4	2.4	2.4	2.4	2.4
0.9	0.9	0.9	0.9	0.9
0.2	0.2	0.2	0.2	0.2
4.4	4.4	4.4	4.4	4.4
4.3	4.3	4.3	4.3	4.3
1.2	1.2	1.2	1.2	1.2
1.1	1.1	1.1	1.1	1.1
0.9	0.9	0.9	0.9	0.9
0.4	0.4	0.4	0.4	0.4
2.7	2.7	2.7	2.7	2.7
2.2	2.2	2.2	2.2	2.2
4.1	4.1	4.1	4.1	4.1
0.7	0.7	0.7	0.7	0.7
3.1	3.1	3.1	3.1	3.1
0.9	0.9	0.9	0.9	0.9
2.5	2.5	2.5	2.5	2.5
3.5	3.5	3.5	3.5	3.5
2.5	2.5	2.5	2.5	2.5
3.1	3.1	3.1	3.1	3.1
3.4	3.4	3.4	3.4	3.4
1.9	1.9	1.9	1.9	1.9
1.2	1.2	1.2	1.2	1.2
7.3	7.3	7.3	7.3	7.3
2.3	2.3	2.3	2.3	2.3
2.4	2.4	2.4	2.4	2.4
7.2	7.2	7.2	7.2	7.2
2.5	2.5	2.5	2.5	2.5
2.6	2.6	2.6	2.6	2.6
2.3	2.3	2.3	2.3	2.3
1.1	1.1	1.1	1.1	1.1
1.0	1.0	1.0	1.0	1.0
2.3	2.3	2.3	2.3	2.3
1.7	1.7	1.7	1.7	1.7
4.6	4.6	4.6	4.6	4.6
1.3	1.3	1.3	1.3	1.3
0.3	0.3	0.3	0.3	0.3
3.5	3.5	3.5	3.5	3.5
1.3	1.3	1.3	1.3	1.3
2.6	2.6	2.6	2.6	2.6
1.1	1.1	1.1	1.1	1.1
4.2	4.2	4.2	4.2	4.2
0.2	0.2	0.2	0.2	0.2
4.7	4.7	4.7	4.7	4.7
3.3	3.3	3.3	3.3	3.3
1.0	1.0	1.0	1.0	1.0
0.2	0.2	0.2	0.2	0.2
3.8	3.8	3.8	3.8	3.8
2.8	2.8	2.8	2.8	2.8
2.1	2.1	2.1	2.1	2.1
2.3	2.3	2.3	2.3	2.3
4.4	4.4	4.4	4.4	4.4
2.0	2.0	2.0	2.0	2.0
3.9	3.9	3.9	3.9	3.9
3.2	3.2	3.2	3.2	3.2
1.7	1.7	1.7	1.7	1.7
3.9	3.9	3.9	3.9	3.9
4.3	4.3	4.3	4.3	4.3
0.7	0.7	0.7	0.7	0.7
3.0	3.0	3.0	3.0	3.0
3.2	3.2	3.2	3.2	3.2
1.0	1.0	1.0	1.0	1.0
0.1	0.1	0.1	0.1	0.1
1.7	1.7	1.7	1.7	1.7
2.4	2.4	2.4	2.4	2.4
1.3	1.3	1.3	1.3	1.3
5.6	5.6	5.6	5.6	5.6
1.6	1.6	1.6	1.6	1.6
2.9	2.9	2.9	2.9	2.9
1.9	1.9	1.9	1.9	1.9
0.2	0.2	0.2	0.2	0.2
1.4	1.4	1.4	1.4	1.4
1.5	1.5	1.5	1.5	1.5
0.8	0.8	0.8	0.8	0.8
0.8	0.8	0.8	0.8	0.8
1.8	1.8	1.8	1.8	1.8
5.3	5.3	5.3	5.3	5.3
1.2	1.2	1.2	1.2	1.2
0.7	0.7	0.7	0.7	0.7
1.9	1.9	1.9	1.9	1.9
2.5	2.5	2.5	2.5	2.5
1.8	1.8	1.8	1.8	1.8
2.0	2.0	2.0	2.0	2.0
1.1	1.1	1.1	1.1	1.1
7.0	7.0	7.0	7.0	7.0
4.0	4.0	4.0	4.0	4.0
3.9	3.9	3.9	3.9	3.9
1.8	1.8	1.8	1.8	1.8
1.0	1.0	1.0	1.0	1.0
0.9	0.9	0.9	0.9	0.9
6.4	6.4	6.4	6.4	6.4
1.7	1.7	1.7	1.7	1.7
5.1	5.1	5.1	5.1	5.1
5.3	5.3	5.3	5.3	5.3
8.9	8.9	8.9	8.9	8.9
8.1	8.1	8.1	8.1	8.1
]
