N_MACHINES:10	N_JOBS:150	CHARGING_TIME:60	INITIAL_CHARGE:10
D:[
2	2	2	2	2	2	2	2	2	2
14	14	14	14	14	14	14	14	14	14
24	24	24	24	24	24	24	24	24	24
9	9	9	9	9	9	9	9	9	9
15	15	15	15	15	15	15	15	15	15
7	7	7	7	7	7	7	7	7	7
17	17	17	17	17	17	17	17	17	17
10	10	10	10	10	10	10	10	10	10
21	21	21	21	21	21	21	21	21	21
3	3	3	3	3	3	3	3	3	3
5	5	5	5	5	5	5	5	5	5
18	18	18	18	18	18	18	18	18	18
4	4	4	4	4	4	4	4	4	4
9	9	9	9	9	9	9	9	9	9
16	16	16	16	16	16	16	16	16	16
7	7	7	7	7	7	7	7	7	7
6	6	6	6	6	6	6	6	6	6
12	12	12	12	12	12	12	12	12	12
2	2	2	2	2	2	2	2	2	2
19	19	19	19	19	19	19	19	19	19
18	18	18	18	18	18	18	18	18	18
3	3	3	3	3	3	3	3	3	3
19	19	19	19	19	19	19	19	19	19
10	10	10	10	10	10	10	10	10	10
11	11	11	11	11	11	11	11	11	11
14	14	14	14	14	14	14	14	14	14
15	15	15	15	15	15	15	15	15	15
25	25	25	25	25	25	25	25	25	25
4	4	4	4	4	4	4	4	4	4
5	5	5	5	5	5	5	5	5	5
15	15	15	15	15	15	15	15	15	15
2	2	2	2	2	2	2	2	2	2
1	1	1	1	1	1	1	1	1	1
11	11	11	11	11	11	11	11	11	11
20	20	20	20	20	20	20	20	20	20
10	10	10	10	10	10	10	10	10	10
8	8	8	8	8	8	8	8	8	8
1	1	1	1	1	1	1	1	1	1
10	10	10	10	10	10	10	10	10	10
26	26	26	26	26	26	26	26	26	26
3	3	3	3	3	3	3	3	3	3
21	21	21	21	21	21	21	21	21	21
11	11	11	11	11	11	11	11	11	11
29	29	29	29	29	29	29	29	29	29
19	19	19	19	19	19	19	19	19	19
13	13	13	13	13	13	13	13	13	13
0	0	0	0	0	0	0	0	0	0
23	23	23	23	23	23	23	23	23	23
15	15	15	15	15	15	15	15	15	15
1	1	1	1	1	1	1	1	1	1
29	29	29	29	29	29	29	29	29	29
29	29	29	29	29	29	29	29	29	29
5	5	5	5	5	5	5	5	5	5
18	18	18	18	18	18	18	18	18	18
19	19	19	19	19	19	19	19	19	19
24	24	24	24	24	24	24	24	24	24
22	22	22	22	22	22	22	22	22	22
7	7	7	7	7	7	7	7	7	7
26	26	26	26	26	26	26	26	26	26
8	8	8	8	8	8	8	8	8	8
6	6	6	6	6	6	6	6	6	6
19	19	19	19	19	19	19	19	19	19
21	21	21	21	21	21	21	21	21	21
1	1	1	1	1	1	1	1	1	1
9	9	9	9	9	9	9	9	9	9
1	1	1	1	1	1	1	1	1	1
13	13	13	13	13	13	13	13	13	13
5	5	5	5	5	5	5	5	5	5
19	19	19	19	19	19	19	19	19	19
10	10	10	10	10	10	10	10	10	10
14	14	14	14	14	14	14	14	14	14
20	20	20	20	20	20	20	20	20	20
6	6	6	6	6	6	6	6	6	6
16	16	16	16	16	16	16	16	16	16
5	5	5	5	5	5	5	5	5	5
14	14	14	14	14	14	14	14	14	14
25	25	25	25	25	25	25	25	25	25
17	17	17	17	17	17	17	17	17	17
13	13	13	13	13	13	13	13	13	13
3	3	3	3	3	3	3	3	3	3
16	16	16	16	16	16	16	16	16	16
5	5	5	5	5	5	5	5	5	5
9	9	9	9	9	9	9	9	9	9
9	9	9	9	9	9	9	9	9	9
20	20	20	20	20	20	20	20	20	20
16	16	16	16	16	16	16	16	16	16
10	10	10	10	10	10	10	10	10	10
12	12	12	12	12	12	12	12	12	12
6	6	6	6	6	6	6	6	6	6
4	4	4	4	4	4	4	4	4	4
13	13	13	13	13	13	13	13	13	13
3	3	3	3	3	3	3	3	3	3
11	11	11	11	11	11	11	11	11	11
7	7	7	7	7	7	7	7	7	7
14	14	14	14	14	14	14	14	14	14
15	15	15	15	15	15	15	15	15	15
4	4	4	4	4	4	4	4	4	4
12	12	12	12	12	12	12	12	12	12
40	40	40	40	40	40	40	40	40	40
12	12	12	12	12	12	12	12	12	12
23	23	23	23	23	23	23	23	23	23
11	11	11	11	11	11	11	11	11	11
13	13	13	13	13	13	13	13	13	13
0	0	0	0	0	0	0	0	0	0
7	7	7	7	7	7	7	7	7	7
9	9	9	9	9	9	9	9	9	9
6	6	6	6	6	6	6	6	6	6
4	4	4	4	4	4	4	4	4	4
16	16	16	16	16	16	16	16	16	16
6	6	6	6	6	6	6	6	6	6
10	10	10	10	10	10	10	10	10	10
20	20	20	20	20	20	20	20	20	20
19	19	19	19	19	19	19	19	19	19
2	2	2	2	2	2	2	2	2	2
18	18	18	18	18	18	18	18	18	18
1	1	1	1	1	1	1	1	1	1
10	10	10	10	10	10	10	10	10	10
16	16	16	16	16	16	16	16	16	16
15	15	15	15	15	15	15	15	15	15
24	24	24	24	24	24	24	24	24	24
15	15	15	15	15	15	15	15	15	15
5	5	5	5	5	5	5	5	5	5
15	15	15	15	15	15	15	15	15	15
3	3	3	3	3	3	3	3	3	3
22	22	22	22	22	22	22	22	22	22
5	5	5	5	5	5	5	5	5	5
30	30	30	30	30	30	30	30	30	30
11	11	11	11	11	11	11	11	11	11
4	4	4	4	4	4	4	4	4	4
11	11	11	11	11	11	11	11	11	11
13	13	13	13	13	13	13	13	13	13
14	14	14	14	14	14	14	14	14	14
8	8	8	8	8	8	8	8	8	8
14	14	14	14	14	14	14	14	14	14
16	16	16	16	16	16	16	16	16	16
9	9	9	9	9	9	9	9	9	9
17	17	17	17	17	17	17	17	17	17
2	2	2	2	2	2	2	2	2	2
19	19	19	19	19	19	19	19	19	19
3	3	3	3	3	3	3	3	3	3
16	16	16	16	16	16	16	16	16	16
16	16	16	16	16	16	16	16	16	16
30	30	30	30	30	30	30	30	30	30
22	22	22	22	22	22	22	22	22	22
4	4	4	4	4	4	4	4	4	4
6	6	6	6	6	6	6	6	6	6
4	4	4	4	4	4	4	4	4	4
5	5	5	5	5	5	5	5	5	5
16	16	16	16	16	16	16	16	16	16
14	14	14	14	14	14	14	14	14	14
]
w:[
4.0	4.0	4.0	4.0	4.0	4.0	4.0	4.0	4.0	4.0
0.1	0.1	0.1	0.1	0.1	0.1	0.1	0.1	0.1	0.1
0.2	0.2	0.2	0.2	0.2	0.2	0.2	0.2	0.2	0.2
1.8	1.8	1.8	1.8	1.8	1.8	1.8	1.8	1.8	1.8
4.1	4.1	4.1	4.1	4.1	4.1	4.1	4.1	4.1	4.1
3.8	3.8	3.8	3.8	3.8	3.8	3.8	3.8	3.8	3.8
2.3	2.3	2.3	2.3	2.3	2.3	2.3	2.3	2.3	2.3
4.2	4.2	4.2	4.2	4.2	4.2	4.2	4.2	4.2	4.2
2.4	2.4	2.4	2.4	2.4	2.4	2.4	2.4	2.4	2.4
3.2	3.2	3.2	3.2	3.2	3.2	3.2	3.2	3.2	3.2
7.2	7.2	7.2	7.2	7.2	7.2	7.2	7.2	7.2	7.2
0.3	0.3	0.3	0.3	0.3	0.3	0.3	0.3	0.3	0.3
1.8	1.8	1.8	1.8	1.8	1.8	1.8	1.8	1.8	1.8
1.4	1.4	1.4	1.4	1.4	1.4	1.4	1.4	1.4	1.4
0.4	0.4	0.4	0.4	0.4	0.4	0.4	0.4	0.4	0.4
1.2	1.2	1.2	1.2	1.2	1.2	1.2	1.2	1.2	1.2
1.5	1.5	1.5	1.5	1.5	1.5	1.5	1.5	1.5	1.5
4.5	4.5	4.5	4.5	4.5	4.5	4.5	4.5	4.5	4.5
0.5	0.5	0.5	0.5	0.5	0.5	0.5	0.5	0.5	0.5
4.1	4.1	4.1	4.1	4.1	4.1	4.1	4.1	4.1	4.1
3.9	3.9	3.9	3.9	3.9	3.9	3.9	3.9	3.9	3.9
1.6	1.6	1.6	1.6	1.6	1.6	1.6	1.6	1.6	1.6
3.1	3.1	3.1	3.1	3.1	3.1	3.1	3.1	3.1	3.1
3.3	3.3	3.3	3.3	3.3	3.3	3.3	3.3	3.3	3.3
1.2	1.2	1.2	1.2	1.2	1.2	1.2	1.2	1.2	1.2
2.3	2.3	2.3	2.3	2.3	2.3	2.3	2.3	2.3	2.3
3.9	3.9	3.9	3.9	3.9	3.9	3.9	3.9	3.9	3.9
2.6	2.6	2.6	2.6	2.6	2.6	2.6	2.6	2.6	2.6
3.0	3.0	3.0	3.0	3.0	3.0	3.0	3.0	3.0	3.0
4.6	4.6	4.6	4.6	4.6	4.6	4.6	4.6	4.6	4.6
1.4	1.4	1.4	1.4	1.4	1.4	1.4	1.4	1.4	1.4
3.6	3.6	3.6	3.6	3.6	3.6	3.6	3.6	3.6	3.6
2.3	2.3	2.3	2.3	2.3	2.3	2.3	2.3	2.3	2.3
1.8	1.8	1.8	1.8	1.8	1.8	1.8	1.8	1.8	1.8
1.0	1.0	1.0	1.0	1.0	1.0	1.0	1.0	1.0	1.0
3.8	3.8	3.8	3.8	3.8	3.8	3.8	3.8	3.8	3.8
1.5	1.5	1.5	1.5	1.5	1.5	1.5	1.5	1.5	1.5
3.2	3.2	3.2	3.2	3.2	3.2	3.2	3.2	3.2	3.2
0.6	0.6	0.6	0.6	0.6	0.6	0.6	0.6	0.6	0.6
6.3	6.3	6.3	6.3	6.3	6.3	6.3	6.3	6.3	6.3
3.0	3.0	3.0	3.0	3.0	3.0	3.0	3.0	3.0	3.0
1.0	1.0	1.0	1.0	1.0	1.0	1.0	1.0	1.0	1.0
6.9	6.9	6.9	6.9	6.9	6.9	6.9	6.9	6.9	6.9
4.9	4.9	4.9	4.9	4.9	4.9	4.9	4.9	4.9	4.9
4.2	4.2	4.2	4.2	4.2	4.2	4.2	4.2	4.2	4.2
2.2	2.2	2.2	2.2	2.2	2.2	2.2	2.2	2.2	2.2
0.3	0.3	0.3	0.3	0.3	0.3	0.3	0.3	0.3	0.3
1.2	1.2	1.2	1.2	1.2	1.2	1.2	1.2	1.2	1.2
0.5	0.5	0.5	0.5	0.5	0.5	0.5	0.5	0.5	0.5
2.8	2.8	2.8	2.8	2.8	2.8	2.8	2.8	2.8	2.8
5.7	5.7	5.7	5.7	5.7	5.7	5.7	5.7	5.7	5.7
2.3	2.3	2.3	2.3	2.3	2.3	2.3	2.3	2.3	2.3
1.2	1.2	1.2	1.2	1.2	1.2	1.2	1.2	1.2	1.2
1.7	1.7	1.7	1.7	1.7	1.7	1.7	1.7	1.7	1.7
1.7	1.7	1.7	1.7	1.7	1.7	1.7	1.7	1.7	1.7
4.7	4.7	4.7	4.7	4.7	4.7	4.7	4.7	4.7	4.7
0.1	0.1	0.1	0.1	0.1	0.1	0.1	0.1	0.1	0.1
5.6	5.6	5.6	5.6	5.6	5.6	5.6	5.6	5.6	5.6
3.2	3.2	3.2	3.2	3.2	3.2	3.2	3.2	3.2	3.2
1.9	1.9	1.9	1.9	1.9	1.9	1.9	1.9	1.9	1.9
2.0	2.0	2.0	2.0	2.0	2.0	2.0	2.0	2.0	2.0
0.6	0.6	0.6	0.6	0.6	0.6	0.6	0.6	0.6	0.6
5.5	5.5	5.5	5.5	5.5	5.5	5.5	5.5	5.5	5.5
2.2	2.2	2.2	2.2	2.2	2.2	2.2	2.2	2.2	2.2
1.1	1.1	1.1	1.1	1.1	1.1	1.1	1.1	1.1	1.1
4.8	4.8	4.8	4.8	4.8	4.8	4.8	4.8	4.8	4.8
0.1	0.1	0.1	0.1	0.1	0.1	0.1	0.1	0.1	0.1
0.8	0.8	0.8	0.8	0.8	0.8	0.8	0.8	0.8	0.8
0.4	0.4	0.4	0.4	0.4	0.4	0.4	0.4	0.4	0.4
1.2	1.2	1.2	1.2	1.2	1.2	1.2	1.2	1.2	1.2
3.8	3.8	3.8	3.8	3.8	3.8	3.8	3.8	3.8	3.8
3.6	3.6	3.6	3.6	3.6	3.6	3.6	3.6	3.6	3.6
1.9	1.9	1.9	1.9	1.9	1.9	1.9	1.9	1.9	1.9
3.2	3.2	3.2	3.2	3.2	3.2	3.2	3.2	3.2	3.2
3.0	3.0	3.0	3.0	3.0	3.0	3.0	3.0	3.0	3.0
2.8	2.8	2.8	2.8	2.8	2.8	2.8	2.8	2.8	2.8
1.3	1.3	1.3	1.3	1.3	1.3	1.3	1.3	1.3	1.3
0.9	0.9	0.9	0.9	0.9	0.9	0.9	0.9	0.9	0.9
5.2	5.2	5.2	5.2	5.2	5.2	5.2	5.2	5.2	5.2
1.8	1.8	1.8	1.8	1.8	1.8	1.8	1.8	1.8	1.8
1.0	1.0	1.0	1.0	1.0	1.0	1.0	1.0	1.0	1.0
1.9	1.9	1.9	1.9	1.9	1.9	1.9	1.9	1.9	1.9
2.7	2.7	2.7	2.7	2.7	2.7	2.7	2.7	2.7	2.7
5.0	5.0	5.0	5.0	5.0	5.0	5.0	5.0	5.0	5.0
1.9	1.9	1.9	1.9	1.9	1.9	1.9	1.9	1.9	1.9
1.5	1.5	1.5	1.5	1.5	1.5	1.5	1.5	1.5	1.5
3.3	3.3	3.3	3.3	3.3	3.3	3.3	3.3	3.3	3.3
4.7	4.7	4.7	4.7	4.7	4.7	4.7	4.7	4.7	4.7
3.8	3.8	3.8	3.8	3.8	3.8	3.8	3.8	3.8	3.8
0.1	0.1	0.1	0.1	0.1	0.1	0.1	0.1	0.1	0.1
2.4	2.4	2.4	2.4	2.4	2.4	2.4	2.4	2.4	2.4
3.7	3.7	3.7	3.7	3.7	3.7	3.7	3.7	3.7	3.7
4.4	4.4	4.4	4.4	4.4	4.4	4.4	4.4	4.4	4.4
4.9	4.9	4.9	4.9	4.9	4.9	4.9	4.9	4.9	4.9
2.4	2.4	2.4	2.4	2.4	2.4	2.4	2.4	2.4	2.4
0.2	0.2	0.2	0.2	0.2	0.2	0.2	0.2	0.2	0.2
2.5	2.5	2.5	2.5	2.5	2.5	2.5	2.5	2.5	2.5
3.9	3.9	3.9	3.9	3.9	3.9	3.9	3.9	3.9	3.9
1.2	1.2	1.2	1.2	1.2	1.2	1.2	1.2	1.2	1.2
3.1	3.1	3.1	3.1	3.1	3.1	3.1	3.1	3.1	3.1
0.2	0.2	0.2	0.2	0.2	0.2	0.2	0.2	0.2	0.2
1.9	1.9	1.9	1.9	1.9	1.9	1.9	1.9	1.9	1.9
3.8	3.8	3.8	3.8	3.8	3.8	3.8	3.8	3.8	3.8
3.5	3.5	3.5	3.5	3.5	3.5	3.5	3.5	3.5	3.5
1.1	1.1	1.1	1.1	1.1	1.1	1.1	1.1	1.1	1.1
3.8	3.8	3.8	3.8	3.8	3.8	3.8	3.8	3.8	3.8
2.1	2.1	2.1	2.1	2.1	2.1	2.1	2.1	2.1	2.1
4.6	4.6	4.6	4.6	4.6	4.6	4.6	4.6	4.6	4.6
2.7	2.7	2.7	2.7	2.7	2.7	2.7	2.7	2.7	2.7
1.5	1.5	1.5	1.5	1.5	1.5	1.5	1.5	1.5	1.5
6.3	6.3	6.3	6.3	6.3	6.3	6.3	6.3	6.3	6.3
5.0	5.0	5.0	5.0	5.0	5.0	5.0	5.0	5.0	5.0
2.9	2.9	2.9	2.9	2.9	2.9	2.9	2.9	2.9	2.9
1.5	1.5	1.5	1.5	1.5	1.5	1.5	1.5	1.5	1.5
3.9	3.9	3.9	3.9	3.9	3.9	3.9	3.9	3.9	3.9
0.4	0.4	0.4	0.4	0.4	0.4	0.4	0.4	0.4	0.4
3.4	3.4	3.4	3.4	3.4	3.4	3.4	3.4	3.4	3.4
0.3	0.3	0.3	0.3	0.3	0.3	0.3	0.3	0.3	0.3
5.0	5.0	5.0	5.0	5.0	5.0	5.0	5.0	5.0	5.0
2.4	2.4	2.4	2.4	2.4	2.4	2.4	2.4	2.4	2.4
2.9	2.9	2.9	2.9	2.9	2.9	2.9	2.9	2.9	2.9
2.9	2.9	2.9	2.9	2.9	2.9	2.9	2.9	2.9	2.9
3.4	3.4	3.4	3.4	3.4	3.4	3.4	3.4	3.4	3.4
7.3	7.3	7.3	7.3	7.3	7.3	7.3	7.3	7.3	7.3
2.2	2.2	2.2	2.2	2.2	2.2	2.2	2.2	2.2	2.2
2.1	2.1	2.1	2.1	2.1	2.1	2.1	2.1	2.1	2.1
0.5	0.5	0.5	0.5	0.5	0.5	0.5	0.5	0.5	0.5
2.6	2.6	2.6	2.6	2.6	2.6	2.6	2.6	2.6	2.6
2.7	2.7	2.7	2.7	2.7	2.7	2.7	2.7	2.7	2.7
2.1	2.1	2.1	2.1	2.1	2.1	2.1	2.1	2.1	2.1
4.4	4.4	4.4	4.4	4.4	4.4	4.4	4.4	4.4	4.4
2.8	2.8	2.8	2.8	2.8	2.8	2.8	2.8	2.8	2.8
3.0	3.0	3.0	3.0	3.0	3.0	3.0	3.0	3.0	3.0
3.0	3.0	3.0	3.0	3.0	3.0	3.0	3.0	3.0	3.0
1.0	1.0	1.0	1.0	1.0	1.0	1.0	1.0	1.0	1.0
1.8	1.8	1.8	1.8	1.8	1.8	1.8	1.8	1.8	1.8
2.3	2.3	2.3	2.3	2.3	2.3	2.3	2.3	2.3	2.3
1.4	1.4	1.4	1.4	1.4	1.4	1.4	1.4	1.4	1.4
2.2	2.2	2.2	2.2	2.2	2.2	2.2	2.2	2.2	2.2
2.5	2.5	2.5	2.5	2.5	2.5	2.5	2.5	2.5	2.5
1.6	1.6	1.6	1.6	1.6	1.6	1.6	1.6	1.6	1.6
5.8	5.8	5.8	5.8	5.8	5.8	5.8	5.8	5.8	5.8
2.1	2.1	2.1	2.1	2.1	2.1	2.1	2.1	2.1	2.1
3.7	3.7	3.7	3.7	3.7	3.7	3.7	3.7	3.7	3.7
1.8	1.8	1.8	1.8	1.8	1.8	1.8	1.8	1.8	1.8
3.8	3.8	3.8	3.8	3.8	3.8	3.8	3.8	3.8	3.8
7.0	7.0	7.0	7.0	7.0	7.0	7.0	7.0	7.0	7.0
2.1	2.1	2.1	2.1	2.1	2.1	2.1	2.1	2.1	2.1
4.7	4.7	4.7	4.7	4.7	4.7	4.7	4.7	4.7	4.7
1.0	1.0	1.0	1.0	1.0	1.0	1.0	1.0	1.0	1.0
]
