N_MACHINES:5	N_JOBS:150	CHARGING_TIME:60	INITIAL_CHARGE:10
D:[
14	14	14	14	14
28	28	28	28	28
22	22	22	22	22
38	38	38	38	38
48	48	48	48	48
40	40	40	40	40
6	6	6	6	6
29	29	29	29	29
33	33	33	33	33
34	34	34	34	34
49	49	49	49	49
30	30	30	30	30
37	37	37	37	37
10	10	10	10	10
19	19	19	19	19
14	14	14	14	14
10	10	10	10	10
31	31	31	31	31
27	27	27	27	27
41	41	41	41	41
26	26	26	26	26
4	4	4	4	4
45	45	45	45	45
14	14	14	14	14
42	42	42	42	42
52	52	52	52	52
8	8	8	8	8
26	26	26	26	26
2	2	2	2	2
31	31	31	31	31
23	23	23	23	23
72	72	72	72	72
29	29	29	29	29
26	26	26	26	26
56	56	56	56	56
25	25	25	25	25
40	40	40	40	40
42	42	42	42	42
37	37	37	37	37
24	24	24	24	24
53	53	53	53	53
2	2	2	2	2
24	24	24	24	24
45	45	45	45	45
10	10	10	10	10
20	20	20	20	20
31	31	31	31	31
53	53	53	53	53
15	15	15	15	15
22	22	22	22	22
32	32	32	32	32
28	28	28	28	28
7	7	7	7	7
17	17	17	17	17
12	12	12	12	12
33	33	33	33	33
31	31	31	31	31
13	13	13	13	13
35	35	35	35	35
37	37	37	37	37
40	40	40	40	40
34	34	34	34	34
62	62	62	62	62
41	41	41	41	41
13	13	13	13	13
45	45	45	45	45
29	29	29	29	29
19	19	19	19	19
33	33	33	33	33
38	38	38	38	38
63	63	63	63	63
20	20	20	20	20
27	27	27	27	27
11	11	11	11	11
8	8	8	8	8
26	26	26	26	26
15	15	15	15	15
8	8	8	8	8
0	0	0	0	0
41	41	41	41	41
18	18	18	18	18
53	53	53	53	53
24	24	24	24	24
16	16	16	16	16
24	24	24	24	24
47	47	47	47	47
12	12	12	12	12
21	21	21	21	21
29	29	29	29	29
9	9	9	9	9
19	19	19	19	19
20	20	20	20	20
34	34	34	34	34
69	69	69	69	69
19	19	19	19	19
48	48	48	48	48
47	47	47	47	47
2	2	2	2	2
0	0	0	0	0
21	21	21	21	21
9	9	9	9	9
20	20	20	20	20
10	10	10	10	10
11	11	11	11	11
30	30	30	30	30
6	6	6	6	6
5	5	5	5	5
1	1	1	1	1
9	9	9	9	9
25	25	25	25	25
23	23	23	23	23
34	34	34	34	34
55	55	55	55	55
20	20	20	20	20
16	16	16	16	16
17	17	17	17	17
0	0	0	0	0
46	46	46	46	46
8	8	8	8	8
5	5	5	5	5
24	24	24	24	24
16	16	16	16	16
17	17	17	17	17
18	18	18	18	18
16	16	16	16	16
32	32	32	32	32
17	17	17	17	17
50	50	50	50	50
24	24	24	24	24
11	11	11	11	11
12	12	12	12	12
14	14	14	14	14
2	2	2	2	2
33	33	33	33	33
41	41	41	41	41
12	12	12	12	12
32	32	32	32	32
30	30	30	30	30
31	31	31	31	31
39	39	39	39	39
39	39	39	39	39
32	32	32	32	32
47	47	47	47	47
3	3	3	3	3
17	17	17	17	17
12	12	12	12	12
29	29	29	29	29
48	48	48	48	48
28	28	28	28	28
30	30	30	30	30
]
w:[
0.7	0.7	0.7	0.7	0.7
2.6	2.6	2.6	2.6	2.6
1.0	1.0	1.0	1.0	1.0
1.4	1.4	1.4	1.4	1.4
2.2	2.2	2.2	2.2	2.2
0.2	0.2	0.2	0.2	0.2
1.9	1.9	1.9	1.9	1.9
2.2	2.2	2.2	2.2	2.2
2.2	2.2	2.2	2.2	2.2
0.8	0.8	0.8	0.8	0.8
1.1	1.1	1.1	1.1	1.1
1.6	1.6	1.6	1.6	1.6
2.6	2.6	2.6	2.6	2.6
1.1	1.1	1.1	1.1	1.1
1.6	1.6	1.6	1.6	1.6
2.5	2.5	2.5	2.5	2.5
1.6	1.6	1.6	1.6	1.6
0.2	0.2	0.2	0.2	0.2
3.6	3.6	3.6	3.6	3.6
2.4	2.4	2.4	2.4	2.4
1.1	1.1	1.1	1.1	1.1
1.3	1.3	1.3	1.3	1.3
0.9	0.9	0.9	0.9	0.9
2.9	2.9	2.9	2.9	2.9
1.2	1.2	1.2	1.2	1.2
1.4	1.4	1.4	1.4	1.4
1.7	1.7	1.7	1.7	1.7
0.6	0.6	0.6	0.6	0.6
2.9	2.9	2.9	2.9	2.9
1.9	1.9	1.9	1.9	1.9
1.5	1.5	1.5	1.5	1.5
0.1	0.1	0.1	0.1	0.1
0.2	0.2	0.2	0.2	0.2
2.3	2.3	2.3	2.3	2.3
1.1	1.1	1.1	1.1	1.1
0.3	0.3	0.3	0.3	0.3
1.8	1.8	1.8	1.8	1.8
2.0	2.0	2.0	2.0	2.0
0.3	0.3	0.3	0.3	0.3
3.1	3.1	3.1	3.1	3.1
1.9	1.9	1.9	1.9	1.9
0.8	0.8	0.8	0.8	0.8
0.3	0.3	0.3	0.3	0.3
1.8	1.8	1.8	1.8	1.8
2.1	2.1	2.1	2.1	2.1
1.5	1.5	1.5	1.5	1.5
2.0	2.0	2.0	2.0	2.0
0.8	0.8	0.8	0.8	0.8
0.5	0.5	0.5	0.5	0.5
0.2	0.2	0.2	0.2	0.2
1.0	1.0	1.0	1.0	1.0
2.5	2.5	2.5	2.5	2.5
2.1	2.1	2.1	2.1	2.1
2.8	2.8	2.8	2.8	2.8
0.7	0.7	0.7	0.7	0.7
1.6	1.6	1.6	1.6	1.6
1.4	1.4	1.4	1.4	1.4
0.4	0.4	0.4	0.4	0.4
0.8	0.8	0.8	0.8	0.8
0.4	0.4	0.4	0.4	0.4
0.8	0.8	0.8	0.8	0.8
1.7	1.7	1.7	1.7	1.7
0.2	0.2	0.2	0.2	0.2
2.3	2.3	2.3	2.3	2.3
1.6	1.6	1.6	1.6	1.6
0.1	0.1	0.1	0.1	0.1
3.5	3.5	3.5	3.5	3.5
2.7	2.7	2.7	2.7	2.7
0.3	0.3	0.3	0.3	0.3
1.0	1.0	1.0	1.0	1.0
2.7	2.7	2.7	2.7	2.7
2.2	2.2	2.2	2.2	2.2
1.0	1.0	1.0	1.0	1.0
1.0	1.0	1.0	1.0	1.0
0.9	0.9	0.9	0.9	0.9
2.1	2.1	2.1	2.1	2.1
0.8	0.8	0.8	0.8	0.8
3.3	3.3	3.3	3.3	3.3
0.4	0.4	0.4	0.4	0.4
1.7	1.7	1.7	1.7	1.7
1.2	1.2	1.2	1.2	1.2
2.1	2.1	2.1	2.1	2.1
0.3	0.3	0.3	0.3	0.3
0.2	0.2	0.2	0.2	0.2
0.9	0.9	0.9	0.9	0.9
0.7	0.7	0.7	0.7	0.7
0.2	0.2	0.2	0.2	0.2
1.6	1.6	1.6	1.6	1.6
0.8	0.8	0.8	0.8	0.8
0.4	0.4	0.4	0.4	0.4
2.7	2.7	2.7	2.7	2.7
0.7	0.7	0.7	0.7	0.7
2.6	2.6	2.6	2.6	2.6
0.8	0.8	0.8	0.8	0.8
2.0	2.0	2.0	2.0	2.0
2.2	2.2	2.2	2.2	2.2
0.4	0.4	0.4	0.4	0.4
1.8	1.8	1.8	1.8	1.8
0.7	0.7	0.7	0.7	0.7
0.7	0.7	0.7	0.7	0.7
2.1	2.1	2.1	2.1	2.1
0.7	0.7	0.7	0.7	0.7
2.6	2.6	2.6	2.6	2.6
0.5	0.5	0.5	0.5	0.5
2.4	2.4	2.4	2.4	2.4
2.2	2.2	2.2	2.2	2.2
1.3	1.3	1.3	1.3	1.3
0.6	0.6	0.6	0.6	0.6
0.7	0.7	0.7	0.7	0.7
1.4	1.4	1.4	1.4	1.4
1.3	1.3	1.3	1.3	1.3
1.3	1.3	1.3	1.3	1.3
0.6	0.6	0.6	0.6	0.6
1.4	1.4	1.4	1.4	1.4
1.0	1.0	1.0	1.0	1.0
0.7	0.7	0.7	0.7	0.7
1.0	1.0	1.0	1.0	1.0
2.7	2.7	2.7	2.7	2.7
1.1	1.1	1.1	1.1	1.1
0.9	0.9	0.9	0.9	0.9
0.5	0.5	0.5	0.5	0.5
2.0	2.0	2.0	2.0	2.0
1.3	1.3	1.3	1.3	1.3
0.4	0.4	0.4	0.4	0.4
1.1	1.1	1.1	1.1	1.1
0.9	0.9	0.9	0.9	0.9
1.4	1.4	1.4	1.4	1.4
1.5	1.5	1.5	1.5	1.5
2.2	2.2	2.2	2.2	2.2
0.4	0.4	0.4	0.4	0.4
0.1	0.1	0.1	0.1	0.1
2.7	2.7	2.7	2.7	2.7
0.8	0.8	0.8	0.8	0.8
0.2	0.2	0.2	0.2	0.2
0.2	0.2	0.2	0.2	0.2
0.3	0.3	0.3	0.3	0.3
0.4	0.4	0.4	0.4	0.4
1.3	1.3	1.3	1.3	1.3
1.5	1.5	1.5	1.5	1.5
0.5	0.5	0.5	0.5	0.5
0.7	0.7	0.7	0.7	0.7
0.1	0.1	0.1	0.1	0.1
0.7	0.7	0.7	0.7	0.7
0.7	0.7	0.7	0.7	0.7
1.2	1.2	1.2	1.2	1.2
1.2	1.2	1.2	1.2	1.2
0.1	0.1	0.1	0.1	0.1
0.4	0.4	0.4	0.4	0.4
2.1	2.1	2.1	2.1	2.1
1.5	1.5	1.5	1.5	1.5
]
