N_MACHINES:10	N_JOBS:50	CHARGING_TIME:60	INITIAL_CHARGE:10
D:[
22	22	22	22	22	22	22	22	22	22
35	35	35	35	35	35	35	35	35	35
31	31	31	31	31	31	31	31	31	31
33	33	33	33	33	33	33	33	33	33
24	24	24	24	24	24	24	24	24	24
28	28	28	28	28	28	28	28	28	28
5	5	5	5	5	5	5	5	5	5
24	24	24	24	24	24	24	24	24	24
17	17	17	17	17	17	17	17	17	17
3	3	3	3	3	3	3	3	3	3
16	16	16	16	16	16	16	16	16	16
25	25	25	25	25	25	25	25	25	25
7	7	7	7	7	7	7	7	7	7
68	68	68	68	68	68	68	68	68	68
9	9	9	9	9	9	9	9	9	9
27	27	27	27	27	27	27	27	27	27
17	17	17	17	17	17	17	17	17	17
17	17	17	17	17	17	17	17	17	17
56	56	56	56	56	56	56	56	56	56
25	25	25	25	25	25	25	25	25	25
21	21	21	21	21	21	21	21	21	21
53	53	53	53	53	53	53	53	53	53
13	13	13	13	13	13	13	13	13	13
3	3	3	3	3	3	3	3	3	3
26	26	26	26	26	26	26	26	26	26
9	9	9	9	9	9	9	9	9	9
5	5	5	5	5	5	5	5	5	5
36	36	36	36	36	36	36	36	36	36
12	12	12	12	12	12	12	12	12	12
10	10	10	10	10	10	10	10	10	10
20	20	20	20	20	20	20	20	20	20
12	12	12	12	12	12	12	12	12	12
23	23	23	23	23	23	23	23	23	23
40	40	40	40	40	40	40	40	40	40
55	55	55	55	55	55	55	55	55	55
11	11	11	11	11	11	11	11	11	11
48	48	48	48	48	48	48	48	48	48
11	11	11	11	11	11	11	11	11	11
28	28	28	28	28	28	28	28	28	28
12	12	12	12	12	12	12	12	12	12
41	41	41	41	41	41	41	41	41	41
4	4	4	4	4	4	4	4	4	4
20	20	20	20	20	20	20	20	20	20
22	22	22	22	22	22	22	22	22	22
7	7	7	7	7	7	7	7	7	7
3	3	3	3	3	3	3	3	3	3
38	38	38	38	38	38	38	38	38	38
7	7	7	7	7	7	7	7	7	7
59	59	59	59	59	59	59	59	59	59
7	7	7	7	7	7	7	7	7	7
]
w:[
3.2	3.2	3.2	3.2	3.2	3.2	3.2	3.2	3.2	3.2
0.5	0.5	0.5	0.5	0.5	0.5	0.5	0.5	0.5	0.5
4.9	4.9	4.9	4.9	4.9	4.9	4.9	4.9	4.9	4.9
0.2	0.2	0.2	0.2	0.2	0.2	0.2	0.2	0.2	0.2
1.3	1.3	1.3	1.3	1.3	1.3	1.3	1.3	1.3	1.3
3.0	3.0	3.0	3.0	3.0	3.0	3.0	3.0	3.0	3.0
3.3	3.3	3.3	3.3	3.3	3.3	3.3	3.3	3.3	3.3
3.6	3.6	3.6	3.6	3.6	3.6	3.6	3.6	3.6	3.6
1.2	1.2	1.2	1.2	1.2	1.2	1.2	1.2	1.2	1.2
1.2	1.2	1.2	1.2	1.2	1.2	1.2	1.2	1.2	1.2
3.7	3.7	3.7	3.7	3.7	3.7	3.7	3.7	3.7	3.7
2.2	2.2	2.2	2.2	2.2	2.2	2.2	2.2	2.2	2.2
5.7	5.7	5.7	5.7	5.7	5.7	5.7	5.7	5.7	5.7
5.6	5.6	5.6	5.6	5.6	5.6	5.6	5.6	5.6	5.6
2.6	2.6	2.6	2.6	2.6	2.6	2.6	2.6	2.6	2.6
3.4	3.4	3.4	3.4	3.4	3.4	3.4	3.4	3.4	3.4
4.9	4.9	4.9	4.9	4.9	4.9	4.9	4.9	4.9	4.9
0.3	0.3	0.3	0.3	0.3	0.3	0.3	0.3	0.3	0.3
2.3	2.3	2.3	2.3	2.3	2.3	2.3	2.3	2.3	2.3
2.4	2.4	2.4	2.4	2.4	2.4	2.4	2.4	2.4	2.4
4.0	4.0	4.0	4.0	4.0	4.0	4.0	4.0	4.0	4.0
0.8	0.8	0.8	0.8	0.8	0.8	0.8	0.8	0.8	0.8
1.4	1.4	1.4	1.4	1.4	1.4	1.4	1.4	1.4	1.4
0.5	0.5	0.5	0.5	0.5	0.5	0.5	0.5	0.5	0.5
0.9	0.9	0.9	0.9	0.9	0.9	0.9	0.9	0.9	0.9
5.5	5.5	5.5	5.5	5.5	5.5	5.5	5.5	5.5	5.5
0.9	0.9	0.9	0.9	0.9	0.9	0.9	0.9	0.9	0.9
1.9	1.9	1.9	1.9	1.9	1.9	1.9	1.9	1.9	1.9
2.4	2.4	2.4	2.4	2.4	2.4	2.4	2.4	2.4	2.4
2.3	2.3	2.3	2.3	2.3	2.3	2.3	2.3	2.3	2.3
2.5	2.5	2.5	2.5	2.5	2.5	2.5	2.5	2.5	2.5
3.2	3.2	3.2	3.2	3.2	3.2	3.2	3.2	3.2	3.2
0.7	0.7	0.7	0.7	0.7	0.7	0.7	0.7	0.7	0.7
2.8	2.8	2.8	2.8	2.8	2.8	2.8	2.8	2.8	2.8
4.6	4.6	4.6	4.6	4.6	4.6	4.6	4.6	4.6	4.6
2.9	2.9	2.9	2.9	2.9	2.9	2.9	2.9	2.9	2.9
4.1	4.1	4.1	4.1	4.1	4.1	4.1	4.1	4.1	4.1
1.3	1.3	1.3	1.3	1.3	1.3	1.3	1.3	1.3	1.3
3.0	3.0	3.0	3.0	3.0	3.0	3.0	3.0	3.0	3.0
1.1	1.1	1.1	1.1	1.1	1.1	1.1	1.1	1.1	1.1
1.1	1.1	1.1	1.1	1.1	1.1	1.1	1.1	1.1	1.1
3.7	3.7	3.7	3.7	3.7	3.7	3.7	3.7	3.7	3.7
3.9	3.9	3.9	3.9	3.9	3.9	3.9	3.9	3.9	3.9
4.3	4.3	4.3	4.3	4.3	4.3	4.3	4.3	4.3	4.3
0.2	0.2	0.2	0.2	0.2	0.2	0.2	0.2	0.2	0.2
2.9	2.9	2.9	2.9	2.9	2.9	2.9	2.9	2.9	2.9
1.7	1.7	1.7	1.7	1.7	1.7	1.7	1.7	1.7	1.7
0.8	0.8	0.8	0.8	0.8	0.8	0.8	0.8	0.8	0.8
0.4	0.4	0.4	0.4	0.4	0.4	0.4	0.4	0.4	0.4
3.0	3.0	3.0	3.0	3.0	3.0	3.0	3.0	3.0	3.0
]
