N_MACHINES:10	N_JOBS:150	CHARGING_TIME:60	INITIAL_CHARGE:10
D:[
45	45	45	45	45	45	45	45	45	45
22	22	22	22	22	22	22	22	22	22
46	46	46	46	46	46	46	46	46	46
30	30	30	30	30	30	30	30	30	30
8	8	8	8	8	8	8	8	8	8
28	28	28	28	28	28	28	28	28	28
39	39	39	39	39	39	39	39	39	39
30	30	30	30	30	30	30	30	30	30
16	16	16	16	16	16	16	16	16	16
13	13	13	13	13	13	13	13	13	13
53	53	53	53	53	53	53	53	53	53
9	9	9	9	9	9	9	9	9	9
52	52	52	52	52	52	52	52	52	52
15	15	15	15	15	15	15	15	15	15
34	34	34	34	34	34	34	34	34	34
16	16	16	16	16	16	16	16	16	16
39	39	39	39	39	39	39	39	39	39
39	39	39	39	39	39	39	39	39	39
9	9	9	9	9	9	9	9	9	9
35	35	35	35	35	35	35	35	35	35
35	35	35	35	35	35	35	35	35	35
3	3	3	3	3	3	3	3	3	3
44	44	44	44	44	44	44	44	44	44
66	66	66	66	66	66	66	66	66	66
22	22	22	22	22	22	22	22	22	22
34	34	34	34	34	34	34	34	34	34
6	6	6	6	6	6	6	6	6	6
4	4	4	4	4	4	4	4	4	4
56	56	56	56	56	56	56	56	56	56
2	2	2	2	2	2	2	2	2	2
37	37	37	37	37	37	37	37	37	37
2	2	2	2	2	2	2	2	2	2
23	23	23	23	23	23	23	23	23	23
25	25	25	25	25	25	25	25	25	25
23	23	23	23	23	23	23	23	23	23
40	40	40	40	40	40	40	40	40	40
10	10	10	10	10	10	10	10	10	10
21	21	21	21	21	21	21	21	21	21
1	1	1	1	1	1	1	1	1	1
6	6	6	6	6	6	6	6	6	6
9	9	9	9	9	9	9	9	9	9
25	25	25	25	25	25	25	25	25	25
37	37	37	37	37	37	37	37	37	37
22	22	22	22	22	22	22	22	22	22
22	22	22	22	22	22	22	22	22	22
26	26	26	26	26	26	26	26	26	26
34	34	34	34	34	34	34	34	34	34
17	17	17	17	17	17	17	17	17	17
4	4	4	4	4	4	4	4	4	4
24	24	24	24	24	24	24	24	24	24
18	18	18	18	18	18	18	18	18	18
33	33	33	33	33	33	33	33	33	33
43	43	43	43	43	43	43	43	43	43
14	14	14	14	14	14	14	14	14	14
32	32	32	32	32	32	32	32	32	32
42	42	42	42	42	42	42	42	42	42
53	53	53	53	53	53	53	53	53	53
5	5	5	5	5	5	5	5	5	5
77	77	77	77	77	77	77	77	77	77
20	20	20	20	20	20	20	20	20	20
37	37	37	37	37	37	37	37	37	37
33	33	33	33	33	33	33	33	33	33
17	17	17	17	17	17	17	17	17	17
22	22	22	22	22	22	22	22	22	22
29	29	29	29	29	29	29	29	29	29
9	9	9	9	9	9	9	9	9	9
20	20	20	20	20	20	20	20	20	20
48	48	48	48	48	48	48	48	48	48
32	32	32	32	32	32	32	32	32	32
18	18	18	18	18	18	18	18	18	18
40	40	40	40	40	40	40	40	40	40
18	18	18	18	18	18	18	18	18	18
30	30	30	30	30	30	30	30	30	30
80	80	80	80	80	80	80	80	80	80
44	44	44	44	44	44	44	44	44	44
24	24	24	24	24	24	24	24	24	24
6	6	6	6	6	6	6	6	6	6
18	18	18	18	18	18	18	18	18	18
25	25	25	25	25	25	25	25	25	25
47	47	47	47	47	47	47	47	47	47
12	12	12	12	12	12	12	12	12	12
33	33	33	33	33	33	33	33	33	33
12	12	12	12	12	12	12	12	12	12
0	0	0	0	0	0	0	0	0	0
25	25	25	25	25	25	25	25	25	25
25	25	25	25	25	25	25	25	25	25
19	19	19	19	19	19	19	19	19	19
11	11	11	11	11	11	11	11	11	11
30	30	30	30	30	30	30	30	30	30
9	9	9	9	9	9	9	9	9	9
8	8	8	8	8	8	8	8	8	8
36	36	36	36	36	36	36	36	36	36
40	40	40	40	40	40	40	40	40	40
34	34	34	34	34	34	34	34	34	34
40	40	40	40	40	40	40	40	40	40
48	48	48	48	48	48	48	48	48	48
31	31	31	31	31	31	31	31	31	31
47	47	47	47	47	47	47	47	47	47
6	6	6	6	6	6	6	6	6	6
59	59	59	59	59	59	59	59	59	59
23	23	23	23	23	23	23	23	23	23
25	25	25	25	25	25	25	25	25	25
27	27	27	27	27	27	27	27	27	27
23	23	23	23	23	23	23	23	23	23
49	49	49	49	49	49	49	49	49	49
19	19	19	19	19	19	19	19	19	19
25	25	25	25	25	25	25	25	25	25
47	47	47	47	47	47	47	47	47	47
32	32	32	32	32	32	32	32	32	32
24	24	24	24	24	24	24	24	24	24
38	38	38	38	38	38	38	38	38	38
17	17	17	17	17	17	17	17	17	17
7	7	7	7	7	7	7	7	7	7
27	27	27	27	27	27	27	27	27	27
35	35	35	35	35	35	35	35	35	35
15	15	15	15	15	15	15	15	15	15
22	22	22	22	22	22	22	22	22	22
11	11	11	11	11	11	11	11	11	11
12	12	12	12	12	12	12	12	12	12
12	12	12	12	12	12	12	12	12	12
28	28	28	28	28	28	28	28	28	28
48	48	48	48	48	48	48	48	48	48
20	20	20	20	20	20	20	20	20	20
23	23	23	23	23	23	23	23	23	23
25	25	25	25	25	25	25	25	25	25
22	22	22	22	22	22	22	22	22	22
26	26	26	26	26	26	26	26	26	26
59	59	59	59	59	59	59	59	59	59
32	32	32	32	32	32	32	32	32	32
10	10	10	10	10	10	10	10	10	10
11	11	11	11	11	11	11	11	11	11
59	59	59	59	59	59	59	59	59	59
7	7	7	7	7	7	7	7	7	7
38	38	38	38	38	38	38	38	38	38
36	36	36	36	36	36	36	36	36	36
13	13	13	13	13	13	13	13	13	13
40	40	40	40	40	40	40	40	40	40
5	5	5	5	5	5	5	5	5	5
27	27	27	27	27	27	27	27	27	27
0	0	0	0	0	0	0	0	0	0
32	32	32	32	32	32	32	32	32	32
7	7	7	7	7	7	7	7	7	7
17	17	17	17	17	17	17	17	17	17
39	39	39	39	39	39	39	39	39	39
6	6	6	6	6	6	6	6	6	6
8	8	8	8	8	8	8	8	8	8
1	1	1	1	1	1	1	1	1	1
51	51	51	51	51	51	51	51	51	51
6	6	6	6	6	6	6	6	6	6
5	5	5	5	5	5	5	5	5	5
]
w:[
2.0	2.0	2.0	2.0	2.0	2.0	2.0	2.0	2.0	2.0
5.1	5.1	5.1	5.1	5.1	5.1	5.1	5.1	5.1	5.1
4.9	4.9	4.9	4.9	4.9	4.9	4.9	4.9	4.9	4.9
3.0	3.0	3.0	3.0	3.0	3.0	3.0	3.0	3.0	3.0
2.8	2.8	2.8	2.8	2.8	2.8	2.8	2.8	2.8	2.8
0.1	0.1	0.1	0.1	0.1	0.1	0.1	0.1	0.1	0.1
4.4	4.4	4.4	4.4	4.4	4.4	4.4	4.4	4.4	4.4
3.5	3.5	3.5	3.5	3.5	3.5	3.5	3.5	3.5	3.5
2.5	2.5	2.5	2.5	2.5	2.5	2.5	2.5	2.5	2.5
1.1	1.1	1.1	1.1	1.1	1.1	1.1	1.1	1.1	1.1
3.0	3.0	3.0	3.0	3.0	3.0	3.0	3.0	3.0	3.0
4.2	4.2	4.2	4.2	4.2	4.2	4.2	4.2	4.2	4.2
3.8	3.8	3.8	3.8	3.8	3.8	3.8	3.8	3.8	3.8
5.3	5.3	5.3	5.3	5.3	5.3	5.3	5.3	5.3	5.3
4.6	4.6	4.6	4.6	4.6	4.6	4.6	4.6	4.6	4.6
3.9	3.9	3.9	3.9	3.9	3.9	3.9	3.9	3.9	3.9
0.6	0.6	0.6	0.6	0.6	0.6	0.6	0.6	0.6	0.6
0.2	0.2	0.2	0.2	0.2	0.2	0.2	0.2	0.2	0.2
6.0	6.0	6.0	6.0	6.0	6.0	6.0	6.0	6.0	6.0
1.8	1.8	1.8	1.8	1.8	1.8	1.8	1.8	1.8	1.8
4.6	4.6	4.6	4.6	4.6	4.6	4.6	4.6	4.6	4.6
6.1	6.1	6.1	6.1	6.1	6.1	6.1	6.1	6.1	6.1
0.6	0.6	0.6	0.6	0.6	0.6	0.6	0.6	0.6	0.6
1.6	1.6	1.6	1.6	1.6	1.6	1.6	1.6	1.6	1.6
0.4	0.4	0.4	0.4	0.4	0.4	0.4	0.4	0.4	0.4
0.9	0.9	0.9	0.9	0.9	0.9	0.9	0.9	0.9	0.9
0.3	0.3	0.3	0.3	0.3	0.3	0.3	0.3	0.3	0.3
0.3	0.3	0.3	0.3	0.3	0.3	0.3	0.3	0.3	0.3
2.5	2.5	2.5	2.5	2.5	2.5	2.5	2.5	2.5	2.5
2.9	2.9	2.9	2.9	2.9	2.9	2.9	2.9	2.9	2.9
0.5	0.5	0.5	0.5	0.5	0.5	0.5	0.5	0.5	0.5
1.2	1.2	1.2	1.2	1.2	1.2	1.2	1.2	1.2	1.2
1.9	1.9	1.9	1.9	1.9	1.9	1.9	1.9	1.9	1.9
3.2	3.2	3.2	3.2	3.2	3.2	3.2	3.2	3.2	3.2
0.8	0.8	0.8	0.8	0.8	0.8	0.8	0.8	0.8	0.8
3.3	3.3	3.3	3.3	3.3	3.3	3.3	3.3	3.3	3.3
2.3	2.3	2.3	2.3	2.3	2.3	2.3	2.3	2.3	2.3
0.9	0.9	0.9	0.9	0.9	0.9	0.9	0.9	0.9	0.9
2.0	2.0	2.0	2.0	2.0	2.0	2.0	2.0	2.0	2.0
1.7	1.7	1.7	1.7	1.7	1.7	1.7	1.7	1.7	1.7
5.7	5.7	5.7	5.7	5.7	5.7	5.7	5.7	5.7	5.7
2.2	2.2	2.2	2.2	2.2	2.2	2.2	2.2	2.2	2.2
1.9	1.9	1.9	1.9	1.9	1.9	1.9	1.9	1.9	1.9
3.1	3.1	3.1	3.1	3.1	3.1	3.1	3.1	3.1	3.1
2.0	2.0	2.0	2.0	2.0	2.0	2.0	2.0	2.0	2.0
4.2	4.2	4.2	4.2	4.2	4.2	4.2	4.2	4.2	4.2
4.3	4.3	4.3	4.3	4.3	4.3	4.3	4.3	4.3	4.3
2.7	2.7	2.7	2.7	2.7	2.7	2.7	2.7	2.7	2.7
2.6	2.6	2.6	2.6	2.6	2.6	2.6	2.6	2.6	2.6
3.3	3.3	3.3	3.3	3.3	3.3	3.3	3.3	3.3	3.3
1.2	1.2	1.2	1.2	1.2	1.2	1.2	1.2	1.2	1.2
1.5	1.5	1.5	1.5	1.5	1.5	1.5	1.5	1.5	1.5
1.9	1.9	1.9	1.9	1.9	1.9	1.9	1.9	1.9	1.9
0.2	0.2	0.2	0.2	0.2	0.2	0.2	0.2	0.2	0.2
1.3	1.3	1.3	1.3	1.3	1.3	1.3	1.3	1.3	1.3
4.8	4.8	4.8	4.8	4.8	4.8	4.8	4.8	4.8	4.8
1.4	1.4	1.4	1.4	1.4	1.4	1.4	1.4	1.4	1.4
2.2	2.2	2.2	2.2	2.2	2.2	2.2	2.2	2.2	2.2
1.3	1.3	1.3	1.3	1.3	1.3	1.3	1.3	1.3	1.3
0.8	0.8	0.8	0.8	0.8	0.8	0.8	0.8	0.8	0.8
0.1	0.1	0.1	0.1	0.1	0.1	0.1	0.1	0.1	0.1
2.9	2.9	2.9	2.9	2.9	2.9	2.9	2.9	2.9	2.9
1.8	1.8	1.8	1.8	1.8	1.8	1.8	1.8	1.8	1.8
0.4	0.4	0.4	0.4	0.4	0.4	0.4	0.4	0.4	0.4
5.2	5.2	5.2	5.2	5.2	5.2	5.2	5.2	5.2	5.2
5.3	5.3	5.3	5.3	5.3	5.3	5.3	5.3	5.3	5.3
3.5	3.5	3.5	3.5	3.5	3.5	3.5	3.5	3.5	3.5
2.3	2.3	2.3	2.3	2.3	2.3	2.3	2.3	2.3	2.3
2.8	2.8	2.8	2.8	2.8	2.8	2.8	2.8	2.8	2.8
3.5	3.5	3.5	3.5	3.5	3.5	3.5	3.5	3.5	3.5
0.8	0.8	0.8	0.8	0.8	0.8	0.8	0.8	0.8	0.8
2.0	2.0	2.0	2.0	2.0	2.0	2.0	2.0	2.0	2.0
3.1	3.1	3.1	3.1	3.1	3.1	3.1	3.1	3.1	3.1
5.7	5.7	5.7	5.7	5.7	5.7	5.7	5.7	5.7	5.7
3.0	3.0	3.0	3.0	3.0	3.0	3.0	3.0	3.0	3.0
0.8	0.8	0.8	0.8	0.8	0.8	0.8	0.8	0.8	0.8
4.9	4.9	4.9	4.9	4.9	4.9	4.9	4.9	4.9	4.9
4.1	4.1	4.1	4.1	4.1	4.1	4.1	4.1	4.1	4.1
6.0	6.0	6.0	6.0	6.0	6.0	6.0	6.0	6.0	6.0
1.8	1.8	1.8	1.8	1.8	1.8	1.8	1.8	1.8	1.8
4.4	4.4	4.4	4.4	4.4	4.4	4.4	4.4	4.4	4.4
0.3	0.3	0.3	0.3	0.3	0.3	0.3	0.3	0.3	0.3
0.6	0.6	0.6	0.6	0.6	0.6	0.6	0.6	0.6	0.6
3.3	3.3	3.3	3.3	3.3	3.3	3.3	3.3	3.3	3.3
0.7	0.7	0.7	0.7	0.7	0.7	0.7	0.7	0.7	0.7
1.5	1.5	1.5	1.5	1.5	1.5	1.5	1.5	1.5	1.5
1.5	1.5	1.5	1.5	1.5	1.5	1.5	1.5	1.5	1.5
3.2	3.2	3.2	3.2	3.2	3.2	3.2	3.2	3.2	3.2
2.3	2.3	2.3	2.3	2.3	2.3	2.3	2.3	2.3	2.3
1.9	1.9	1.9	1.9	1.9	1.9	1.9	1.9	1.9	1.9
1.7	1.7	1.7	1.7	1.7	1.7	1.7	1.7	1.7	1.7
0.4	0.4	0.4	0.4	0.4	0.4	0.4	0.4	0.4	0.4
3.3	3.3	3.3	3.3	3.3	3.3	3.3	3.3	3.3	3.3
5.1	5.1	5.1	5.1	5.1	5.1	5.1	5.1	5.1	5.1
2.0	2.0	2.0	2.0	2.0	2.0	2.0	2.0	2.0	2.0
2.8	2.8	2.8	2.8	2.8	2.8	2.8	2.8	2.8	2.8
0.3	0.3	0.3	0.3	0.3	0.3	0.3	0.3	0.3	0.3
2.9	2.9	2.9	2.9	2.9	2.9	2.9	2.9	2.9	2.9
0.1	0.1	0.1	0.1	0.1	0.1	0.1	0.1	0.1	0.1
3.1	3.1	3.1	3.1	3.1	3.1	3.1	3.1	3.1	3.1
1.0	1.0	1.0	1.0	1.0	1.0	1.0	1.0	1.0	1.0
4.4	4.4	4.4	4.4	4.4	4.4	4.4	4.4	4.4	4.4
5.2	5.2	5.2	5.2	5.2	5.2	5.2	5.2	5.2	5.2
2.6	2.6	2.6	2.6	2.6	2.6	2.6	2.6	2.6	2.6
2.5	2.5	2.5	2.5	2.5	2.5	2.5	2.5	2.5	2.5
2.1	2.1	2.1	2.1	2.1	2.1	2.1	2.1	2.1	2.1
0.7	0.7	0.7	0.7	0.7	0.7	0.7	0.7	0.7	0.7
3.6	3.6	3.6	3.6	3.6	3.6	3.6	3.6	3.6	3.6
3.5	3.5	3.5	3.5	3.5	3.5	3.5	3.5	3.5	3.5
3.6	3.6	3.6	3.6	3.6	3.6	3.6	3.6	3.6	3.6
0.3	0.3	0.3	0.3	0.3	0.3	0.3	0.3	0.3	0.3
2.8	2.8	2.8	2.8	2.8	2.8	2.8	2.8	2.8	2.8
1.2	1.2	1.2	1.2	1.2	1.2	1.2	1.2	1.2	1.2
0.8	0.8	0.8	0.8	0.8	0.8	0.8	0.8	0.8	0.8
3.6	3.6	3.6	3.6	3.6	3.6	3.6	3.6	3.6	3.6
2.4	2.4	2.4	2.4	2.4	2.4	2.4	2.4	2.4	2.4
4.1	4.1	4.1	4.1	4.1	4.1	4.1	4.1	4.1	4.1
3.1	3.1	3.1	3.1	3.1	3.1	3.1	3.1	3.1	3.1
1.8	1.8	1.8	1.8	1.8	1.8	1.8	1.8	1.8	1.8
4.1	4.1	4.1	4.1	4.1	4.1	4.1	4.1	4.1	4.1
1.5	1.5	1.5	1.5	1.5	1.5	1.5	1.5	1.5	1.5
4.9	4.9	4.9	4.9	4.9	4.9	4.9	4.9	4.9	4.9
1.3	1.3	1.3	1.3	1.3	1.3	1.3	1.3	1.3	1.3
0.1	0.1	0.1	0.1	0.1	0.1	0.1	0.1	0.1	0.1
2.3	2.3	2.3	2.3	2.3	2.3	2.3	2.3	2.3	2.3
2.1	2.1	2.1	2.1	2.1	2.1	2.1	2.1	2.1	2.1
3.1	3.1	3.1	3.1	3.1	3.1	3.1	3.1	3.1	3.1
2.9	2.9	2.9	2.9	2.9	2.9	2.9	2.9	2.9	2.9
0.7	0.7	0.7	0.7	0.7	0.7	0.7	0.7	0.7	0.7
5.4	5.4	5.4	5.4	5.4	5.4	5.4	5.4	5.4	5.4
3.9	3.9	3.9	3.9	3.9	3.9	3.9	3.9	3.9	3.9
2.4	2.4	2.4	2.4	2.4	2.4	2.4	2.4	2.4	2.4
3.9	3.9	3.9	3.9	3.9	3.9	3.9	3.9	3.9	3.9
2.0	2.0	2.0	2.0	2.0	2.0	2.0	2.0	2.0	2.0
2.0	2.0	2.0	2.0	2.0	2.0	2.0	2.0	2.0	2.0
2.0	2.0	2.0	2.0	2.0	2.0	2.0	2.0	2.0	2.0
3.3	3.3	3.3	3.3	3.3	3.3	3.3	3.3	3.3	3.3
2.8	2.8	2.8	2.8	2.8	2.8	2.8	2.8	2.8	2.8
4.6	4.6	4.6	4.6	4.6	4.6	4.6	4.6	4.6	4.6
4.2	4.2	4.2	4.2	4.2	4.2	4.2	4.2	4.2	4.2
0.7	0.7	0.7	0.7	0.7	0.7	0.7	0.7	0.7	0.7
1.5	1.5	1.5	1.5	1.5	1.5	1.5	1.5	1.5	1.5
2.6	2.6	2.6	2.6	2.6	2.6	2.6	2.6	2.6	2.6
2.8	2.8	2.8	2.8	2.8	2.8	2.8	2.8	2.8	2.8
0.9	0.9	0.9	0.9	0.9	0.9	0.9	0.9	0.9	0.9
6.0	6.0	6.0	6.0	6.0	6.0	6.0	6.0	6.0	6.0
5.3	5.3	5.3	5.3	5.3	5.3	5.3	5.3	5.3	5.3
1.7	1.7	1.7	1.7	1.7	1.7	1.7	1.7	1.7	1.7
2.5	2.5	2.5	2.5	2.5	2.5	2.5	2.5	2.5	2.5
0.5	0.5	0.5	0.5	0.5	0.5	0.5	0.5	0.5	0.5
]
