N_MACHINES:5	N_JOBS:200	CHARGING_TIME:60	INITIAL_CHARGE:10
D:[
13	13	13	13	13
12	12	12	12	12
13	13	13	13	13
29	29	29	29	29
26	26	26	26	26
5	5	5	5	5
20	20	20	20	20
1	1	1	1	1
14	14	14	14	14
13	13	13	13	13
14	14	14	14	14
9	9	9	9	9
11	11	11	11	11
15	15	15	15	15
21	21	21	21	21
1	1	1	1	1
15	15	15	15	15
19	19	19	19	19
20	20	20	20	20
15	15	15	15	15
19	19	19	19	19
21	21	21	21	21
9	9	9	9	9
1	1	1	1	1
10	10	10	10	10
8	8	8	8	8
3	3	3	3	3
18	18	18	18	18
15	15	15	15	15
14	14	14	14	14
24	24	24	24	24
2	2	2	2	2
10	10	10	10	10
13	13	13	13	13
12	12	12	12	12
8	8	8	8	8
6	6	6	6	6
0	0	0	0	0
8	8	8	8	8
11	11	11	11	11
14	14	14	14	14
3	3	3	3	3
8	8	8	8	8
8	8	8	8	8
10	10	10	10	10
7	7	7	7	7
27	27	27	27	27
7	7	7	7	7
6	6	6	6	6
22	22	22	22	22
5	5	5	5	5
14	14	14	14	14
12	12	12	12	12
22	22	22	22	22
31	31	31	31	31
19	19	19	19	19
1	1	1	1	1
1	1	1	1	1
4	4	4	4	4
24	24	24	24	24
5	5	5	5	5
18	18	18	18	18
17	17	17	17	17
30	30	30	30	30
10	10	10	10	10
19	19	19	19	19
13	13	13	13	13
18	18	18	18	18
9	9	9	9	9
6	6	6	6	6
10	10	10	10	10
1	1	1	1	1
16	16	16	16	16
2	2	2	2	2
27	27	27	27	27
14	14	14	14	14
7	7	7	7	7
12	12	12	12	12
5	5	5	5	5
5	5	5	5	5
17	17	17	17	17
19	19	19	19	19
13	13	13	13	13
5	5	5	5	5
22	22	22	22	22
2	2	2	2	2
14	14	14	14	14
26	26	26	26	26
8	8	8	8	8
18	18	18	18	18
18	18	18	18	18
3	3	3	3	3
26	26	26	26	26
11	11	11	11	11
0	0	0	0	0
4	4	4	4	4
7	7	7	7	7
15	15	15	15	15
19	19	19	19	19
26	26	26	26	26
8	8	8	8	8
16	16	16	16	16
1	1	1	1	1
30	30	30	30	30
13	13	13	13	13
9	9	9	9	9
6	6	6	6	6
4	4	4	4	4
0	0	0	0	0
12	12	12	12	12
14	14	14	14	14
4	4	4	4	4
28	28	28	28	28
40	40	40	40	40
1	1	1	1	1
36	36	36	36	36
10	10	10	10	10
1	1	1	1	1
25	25	25	25	25
12	12	12	12	12
18	18	18	18	18
12	12	12	12	12
11	11	11	11	11
10	10	10	10	10
4	4	4	4	4
10	10	10	10	10
11	11	11	11	11
17	17	17	17	17
16	16	16	16	16
16	16	16	16	16
10	10	10	10	10
11	11	11	11	11
1	1	1	1	1
8	8	8	8	8
16	16	16	16	16
24	24	24	24	24
20	20	20	20	20
14	14	14	14	14
6	6	6	6	6
20	20	20	20	20
24	24	24	24	24
1	1	1	1	1
2	2	2	2	2
1	1	1	1	1
17	17	17	17	17
13	13	13	13	13
4	4	4	4	4
8	8	8	8	8
10	10	10	10	10
11	11	11	11	11
28	28	28	28	28
16	16	16	16	16
1	1	1	1	1
6	6	6	6	6
9	9	9	9	9
12	12	12	12	12
20	20	20	20	20
18	18	18	18	18
1	1	1	1	1
31	31	31	31	31
1	1	1	1	1
26	26	26	26	26
4	4	4	4	4
11	11	11	11	11
4	4	4	4	4
22	22	22	22	22
4	4	4	4	4
20	20	20	20	20
24	24	24	24	24
10	10	10	10	10
25	25	25	25	25
14	14	14	14	14
2	2	2	2	2
26	26	26	26	26
13	13	13	13	13
20	20	20	20	20
1	1	1	1	1
8	8	8	8	8
15	15	15	15	15
3	3	3	3	3
9	9	9	9	9
16	16	16	16	16
20	20	20	20	20
9	9	9	9	9
10	10	10	10	10
10	10	10	10	10
17	17	17	17	17
25	25	25	25	25
12	12	12	12	12
21	21	21	21	21
11	11	11	11	11
4	4	4	4	4
18	18	18	18	18
15	15	15	15	15
32	32	32	32	32
16	16	16	16	16
14	14	14	14	14
16	16	16	16	16
0	0	0	0	0
6	6	6	6	6
]
w:[
0.3	0.3	0.3	0.3	0.3
0.9	0.9	0.9	0.9	0.9
3.1	3.1	3.1	3.1	3.1
2.7	2.7	2.7	2.7	2.7
5.6	5.6	5.6	5.6	5.6
2.2	2.2	2.2	2.2	2.2
0.3	0.3	0.3	0.3	0.3
3.6	3.6	3.6	3.6	3.6
1.5	1.5	1.5	1.5	1.5
2.0	2.0	2.0	2.0	2.0
3.8	3.8	3.8	3.8	3.8
4.7	4.7	4.7	4.7	4.7
3.0	3.0	3.0	3.0	3.0
1.6	1.6	1.6	1.6	1.6
4.4	4.4	4.4	4.4	4.4
2.2	2.2	2.2	2.2	2.2
3.7	3.7	3.7	3.7	3.7
1.7	1.7	1.7	1.7	1.7
7.5	7.5	7.5	7.5	7.5
2.1	2.1	2.1	2.1	2.1
1.8	1.8	1.8	1.8	1.8
1.0	1.0	1.0	1.0	1.0
1.5	1.5	1.5	1.5	1.5
2.4	2.4	2.4	2.4	2.4
0.4	0.4	0.4	0.4	0.4
1.8	1.8	1.8	1.8	1.8
2.6	2.6	2.6	2.6	2.6
5.2	5.2	5.2	5.2	5.2
4.9	4.9	4.9	4.9	4.9
2.1	2.1	2.1	2.1	2.1
5.0	5.0	5.0	5.0	5.0
1.9	1.9	1.9	1.9	1.9
2.2	2.2	2.2	2.2	2.2
2.4	2.4	2.4	2.4	2.4
2.2	2.2	2.2	2.2	2.2
2.5	2.5	2.5	2.5	2.5
5.7	5.7	5.7	5.7	5.7
5.0	5.0	5.0	5.0	5.0
3.0	3.0	3.0	3.0	3.0
5.5	5.5	5.5	5.5	5.5
0.1	0.1	0.1	0.1	0.1
4.9	4.9	4.9	4.9	4.9
0.9	0.9	0.9	0.9	0.9
5.1	5.1	5.1	5.1	5.1
2.9	2.9	2.9	2.9	2.9
2.0	2.0	2.0	2.0	2.0
2.3	2.3	2.3	2.3	2.3
2.7	2.7	2.7	2.7	2.7
2.9	2.9	2.9	2.9	2.9
1.1	1.1	1.1	1.1	1.1
1.5	1.5	1.5	1.5	1.5
4.0	4.0	4.0	4.0	4.0
2.5	2.5	2.5	2.5	2.5
3.6	3.6	3.6	3.6	3.6
1.4	1.4	1.4	1.4	1.4
1.7	1.7	1.7	1.7	1.7
3.3	3.3	3.3	3.3	3.3
3.0	3.0	3.0	3.0	3.0
2.3	2.3	2.3	2.3	2.3
2.8	2.8	2.8	2.8	2.8
3.4	3.4	3.4	3.4	3.4
2.9	2.9	2.9	2.9	2.9
2.7	2.7	2.7	2.7	2.7
1.7	1.7	1.7	1.7	1.7
1.4	1.4	1.4	1.4	1.4
2.2	2.2	2.2	2.2	2.2
1.8	1.8	1.8	1.8	1.8
2.9	2.9	2.9	2.9	2.9
3.8	3.8	3.8	3.8	3.8
0.3	0.3	0.3	0.3	0.3
1.5	1.5	1.5	1.5	1.5
3.1	3.1	3.1	3.1	3.1
1.4	1.4	1.4	1.4	1.4
2.5	2.5	2.5	2.5	2.5
1.6	1.6	1.6	1.6	1.6
0.3	0.3	0.3	0.3	0.3
0.3	0.3	0.3	0.3	0.3
4.4	4.4	4.4	4.4	4.4
5.1	5.1	5.1	5.1	5.1
0.6	0.6	0.6	0.6	0.6
2.3	2.3	2.3	2.3	2.3
1.6	1.6	1.6	1.6	1.6
3.8	3.8	3.8	3.8	3.8
3.7	3.7	3.7	3.7	3.7
0.6	0.6	0.6	0.6	0.6
0.7	0.7	0.7	0.7	0.7
3.4	3.4	3.4	3.4	3.4
2.3	2.3	2.3	2.3	2.3
4.3	4.3	4.3	4.3	4.3
0.3	0.3	0.3	0.3	0.3
2.8	2.8	2.8	2.8	2.8
1.9	1.9	1.9	1.9	1.9
2.1	2.1	2.1	2.1	2.1
2.2	2.2	2.2	2.2	2.2
2.2	2.2	2.2	2.2	2.2
3.1	3.1	3.1	3.1	3.1
2.1	2.1	2.1	2.1	2.1
0.5	0.5	0.5	0.5	0.5
2.0	2.0	2.0	2.0	2.0
1.2	1.2	1.2	1.2	1.2
2.0	2.0	2.0	2.0	2.0
2.9	2.9	2.9	2.9	2.9
0.3	0.3	0.3	0.3	0.3
6.2	6.2	6.2	6.2	6.2
7.7	7.7	7.7	7.7	7.7
2.2	2.2	2.2	2.2	2.2
3.1	3.1	3.1	3.1	3.1
2.0	2.0	2.0	2.0	2.0
3.8	3.8	3.8	3.8	3.8
3.0	3.0	3.0	3.0	3.0
2.1	2.1	2.1	2.1	2.1
3.4	3.4	3.4	3.4	3.4
0.7	0.7	0.7	0.7	0.7
0.4	0.4	0.4	0.4	0.4
3.8	3.8	3.8	3.8	3.8
4.5	4.5	4.5	4.5	4.5
3.1	3.1	3.1	3.1	3.1
2.3	2.3	2.3	2.3	2.3
0.1	0.1	0.1	0.1	0.1
1.2	1.2	1.2	1.2	1.2
4.5	4.5	4.5	4.5	4.5
2.0	2.0	2.0	2.0	2.0
0.3	0.3	0.3	0.3	0.3
3.4	3.4	3.4	3.4	3.4
5.0	5.0	5.0	5.0	5.0
4.2	4.2	4.2	4.2	4.2
3.6	3.6	3.6	3.6	3.6
1.2	1.2	1.2	1.2	1.2
3.2	3.2	3.2	3.2	3.2
3.5	3.5	3.5	3.5	3.5
4.2	4.2	4.2	4.2	4.2
3.7	3.7	3.7	3.7	3.7
2.1	2.1	2.1	2.1	2.1
2.3	2.3	2.3	2.3	2.3
2.0	2.0	2.0	2.0	2.0
2.0	2.0	2.0	2.0	2.0
2.1	2.1	2.1	2.1	2.1
2.1	2.1	2.1	2.1	2.1
0.1	0.1	0.1	0.1	0.1
3.1	3.1	3.1	3.1	3.1
3.3	3.3	3.3	3.3	3.3
3.2	3.2	3.2	3.2	3.2
0.2	0.2	0.2	0.2	0.2
4.2	4.2	4.2	4.2	4.2
0.7	0.7	0.7	0.7	0.7
3.3	3.3	3.3	3.3	3.3
3.7	3.7	3.7	3.7	3.7
0.3	0.3	0.3	0.3	0.3
5.0	5.0	5.0	5.0	5.0
1.4	1.4	1.4	1.4	1.4
1.2	1.2	1.2	1.2	1.2
4.3	4.3	4.3	4.3	4.3
4.9	4.9	4.9	4.9	4.9
1.5	1.5	1.5	1.5	1.5
2.4	2.4	2.4	2.4	2.4
1.8	1.8	1.8	1.8	1.8
0.3	0.3	0.3	0.3	0.3
1.4	1.4	1.4	1.4	1.4
0.5	0.5	0.5	0.5	0.5
2.8	2.8	2.8	2.8	2.8
3.0	3.0	3.0	3.0	3.0
1.1	1.1	1.1	1.1	1.1
5.3	5.3	5.3	5.3	5.3
3.3	3.3	3.3	3.3	3.3
1.1	1.1	1.1	1.1	1.1
4.3	4.3	4.3	4.3	4.3
3.3	3.3	3.3	3.3	3.3
1.1	1.1	1.1	1.1	1.1
1.5	1.5	1.5	1.5	1.5
0.5	0.5	0.5	0.5	0.5
2.8	2.8	2.8	2.8	2.8
3.6	3.6	3.6	3.6	3.6
1.1	1.1	1.1	1.1	1.1
1.4	1.4	1.4	1.4	1.4
2.9	2.9	2.9	2.9	2.9
4.0	4.0	4.0	4.0	4.0
0.6	0.6	0.6	0.6	0.6
2.7	2.7	2.7	2.7	2.7
3.1	3.1	3.1	3.1	3.1
1.3	1.3	1.3	1.3	1.3
0.9	0.9	0.9	0.9	0.9
4.0	4.0	4.0	4.0	4.0
0.3	0.3	0.3	0.3	0.3
3.4	3.4	3.4	3.4	3.4
2.6	2.6	2.6	2.6	2.6
1.1	1.1	1.1	1.1	1.1
2.3	2.3	2.3	2.3	2.3
2.3	2.3	2.3	2.3	2.3
1.8	1.8	1.8	1.8	1.8
1.7	1.7	1.7	1.7	1.7
3.9	3.9	3.9	3.9	3.9
2.4	2.4	2.4	2.4	2.4
2.8	2.8	2.8	2.8	2.8
2.1	2.1	2.1	2.1	2.1
2.4	2.4	2.4	2.4	2.4
1.7	1.7	1.7	1.7	1.7
3.2	3.2	3.2	3.2	3.2
1.3	1.3	1.3	1.3	1.3
0.8	0.8	0.8	0.8	0.8
1.2	1.2	1.2	1.2	1.2
]
