N_MACHINES:10	N_JOBS:200	CHARGING_TIME:60	INITIAL_CHARGE:10
D:[
10	10	10	10	10	10	10	10	10	10
8	8	8	8	8	8	8	8	8	8
30	30	30	30	30	30	30	30	30	30
5	5	5	5	5	5	5	5	5	5
18	18	18	18	18	18	18	18	18	18
15	15	15	15	15	15	15	15	15	15
14	14	14	14	14	14	14	14	14	14
12	12	12	12	12	12	12	12	12	12
8	8	8	8	8	8	8	8	8	8
10	10	10	10	10	10	10	10	10	10
22	22	22	22	22	22	22	22	22	22
11	11	11	11	11	11	11	11	11	11
24	24	24	24	24	24	24	24	24	24
8	8	8	8	8	8	8	8	8	8
26	26	26	26	26	26	26	26	26	26
4	4	4	4	4	4	4	4	4	4
0	0	0	0	0	0	0	0	0	0
27	27	27	27	27	27	27	27	27	27
27	27	27	27	27	27	27	27	27	27
35	35	35	35	35	35	35	35	35	35
33	33	33	33	33	33	33	33	33	33
16	16	16	16	16	16	16	16	16	16
8	8	8	8	8	8	8	8	8	8
9	9	9	9	9	9	9	9	9	9
13	13	13	13	13	13	13	13	13	13
3	3	3	3	3	3	3	3	3	3
8	8	8	8	8	8	8	8	8	8
10	10	10	10	10	10	10	10	10	10
9	9	9	9	9	9	9	9	9	9
14	14	14	14	14	14	14	14	14	14
21	21	21	21	21	21	21	21	21	21
16	16	16	16	16	16	16	16	16	16
5	5	5	5	5	5	5	5	5	5
9	9	9	9	9	9	9	9	9	9
14	14	14	14	14	14	14	14	14	14
2	2	2	2	2	2	2	2	2	2
18	18	18	18	18	18	18	18	18	18
19	19	19	19	19	19	19	19	19	19
21	21	21	21	21	21	21	21	21	21
16	16	16	16	16	16	16	16	16	16
23	23	23	23	23	23	23	23	23	23
4	4	4	4	4	4	4	4	4	4
10	10	10	10	10	10	10	10	10	10
10	10	10	10	10	10	10	10	10	10
0	0	0	0	0	0	0	0	0	0
11	11	11	11	11	11	11	11	11	11
11	11	11	11	11	11	11	11	11	11
3	3	3	3	3	3	3	3	3	3
4	4	4	4	4	4	4	4	4	4
13	13	13	13	13	13	13	13	13	13
3	3	3	3	3	3	3	3	3	3
7	7	7	7	7	7	7	7	7	7
6	6	6	6	6	6	6	6	6	6
4	4	4	4	4	4	4	4	4	4
21	21	21	21	21	21	21	21	21	21
18	18	18	18	18	18	18	18	18	18
3	3	3	3	3	3	3	3	3	3
1	1	1	1	1	1	1	1	1	1
1	1	1	1	1	1	1	1	1	1
4	4	4	4	4	4	4	4	4	4
14	14	14	14	14	14	14	14	14	14
10	10	10	10	10	10	10	10	10	10
21	21	21	21	21	21	21	21	21	21
19	19	19	19	19	19	19	19	19	19
25	25	25	25	25	25	25	25	25	25
7	7	7	7	7	7	7	7	7	7
15	15	15	15	15	15	15	15	15	15
10	10	10	10	10	10	10	10	10	10
19	19	19	19	19	19	19	19	19	19
5	5	5	5	5	5	5	5	5	5
2	2	2	2	2	2	2	2	2	2
13	13	13	13	13	13	13	13	13	13
10	10	10	10	10	10	10	10	10	10
21	21	21	21	21	21	21	21	21	21
20	20	20	20	20	20	20	20	20	20
18	18	18	18	18	18	18	18	18	18
3	3	3	3	3	3	3	3	3	3
3	3	3	3	3	3	3	3	3	3
0	0	0	0	0	0	0	0	0	0
10	10	10	10	10	10	10	10	10	10
6	6	6	6	6	6	6	6	6	6
10	10	10	10	10	10	10	10	10	10
7	7	7	7	7	7	7	7	7	7
5	5	5	5	5	5	5	5	5	5
2	2	2	2	2	2	2	2	2	2
4	4	4	4	4	4	4	4	4	4
30	30	30	30	30	30	30	30	30	30
17	17	17	17	17	17	17	17	17	17
4	4	4	4	4	4	4	4	4	4
16	16	16	16	16	16	16	16	16	16
15	15	15	15	15	15	15	15	15	15
14	14	14	14	14	14	14	14	14	14
7	7	7	7	7	7	7	7	7	7
16	16	16	16	16	16	16	16	16	16
5	5	5	5	5	5	5	5	5	5
12	12	12	12	12	12	12	12	12	12
8	8	8	8	8	8	8	8	8	8
13	13	13	13	13	13	13	13	13	13
14	14	14	14	14	14	14	14	14	14
15	15	15	15	15	15	15	15	15	15
24	24	24	24	24	24	24	24	24	24
14	14	14	14	14	14	14	14	14	14
11	11	11	11	11	11	11	11	11	11
7	7	7	7	7	7	7	7	7	7
20	20	20	20	20	20	20	20	20	20
21	21	21	21	21	21	21	21	21	21
6	6	6	6	6	6	6	6	6	6
15	15	15	15	15	15	15	15	15	15
4	4	4	4	4	4	4	4	4	4
11	11	11	11	11	11	11	11	11	11
23	23	23	23	23	23	23	23	23	23
3	3	3	3	3	3	3	3	3	3
13	13	13	13	13	13	13	13	13	13
22	22	22	22	22	22	22	22	22	22
16	16	16	16	16	16	16	16	16	16
17	17	17	17	17	17	17	17	17	17
17	17	17	17	17	17	17	17	17	17
3	3	3	3	3	3	3	3	3	3
27	27	27	27	27	27	27	27	27	27
18	18	18	18	18	18	18	18	18	18
3	3	3	3	3	3	3	3	3	3
17	17	17	17	17	17	17	17	17	17
15	15	15	15	15	15	15	15	15	15
2	2	2	2	2	2	2	2	2	2
18	18	18	18	18	18	18	18	18	18
22	22	22	22	22	22	22	22	22	22
32	32	32	32	32	32	32	32	32	32
15	15	15	15	15	15	15	15	15	15
0	0	0	0	0	0	0	0	0	0
24	24	24	24	24	24	24	24	24	24
9	9	9	9	9	9	9	9	9	9
1	1	1	1	1	1	1	1	1	1
11	11	11	11	11	11	11	11	11	11
12	12	12	12	12	12	12	12	12	12
5	5	5	5	5	5	5	5	5	5
13	13	13	13	13	13	13	13	13	13
24	24	24	24	24	24	24	24	24	24
0	0	0	0	0	0	0	0	0	0
10	10	10	10	10	10	10	10	10	10
0	0	0	0	0	0	0	0	0	0
7	7	7	7	7	7	7	7	7	7
14	14	14	14	14	14	14	14	14	14
16	16	16	16	16	16	16	16	16	16
3	3	3	3	3	3	3	3	3	3
13	13	13	13	13	13	13	13	13	13
13	13	13	13	13	13	13	13	13	13
24	24	24	24	24	24	24	24	24	24
7	7	7	7	7	7	7	7	7	7
12	12	12	12	12	12	12	12	12	12
6	6	6	6	6	6	6	6	6	6
4	4	4	4	4	4	4	4	4	4
25	25	25	25	25	25	25	25	25	25
5	5	5	5	5	5	5	5	5	5
14	14	14	14	14	14	14	14	14	14
2	2	2	2	2	2	2	2	2	2
11	11	11	11	11	11	11	11	11	11
13	13	13	13	13	13	13	13	13	13
24	24	24	24	24	24	24	24	24	24
3	3	3	3	3	3	3	3	3	3
27	27	27	27	27	27	27	27	27	27
5	5	5	5	5	5	5	5	5	5
9	9	9	9	9	9	9	9	9	9
22	22	22	22	22	22	22	22	22	22
1	1	1	1	1	1	1	1	1	1
7	7	7	7	7	7	7	7	7	7
16	16	16	16	16	16	16	16	16	16
22	22	22	22	22	22	22	22	22	22
1	1	1	1	1	1	1	1	1	1
19	19	19	19	19	19	19	19	19	19
4	4	4	4	4	4	4	4	4	4
15	15	15	15	15	15	15	15	15	15
18	18	18	18	18	18	18	18	18	18
20	20	20	20	20	20	20	20	20	20
17	17	17	17	17	17	17	17	17	17
1	1	1	1	1	1	1	1	1	1
11	11	11	11	11	11	11	11	11	11
10	10	10	10	10	10	10	10	10	10
14	14	14	14	14	14	14	14	14	14
6	6	6	6	6	6	6	6	6	6
6	6	6	6	6	6	6	6	6	6
8	8	8	8	8	8	8	8	8	8
20	20	20	20	20	20	20	20	20	20
3	3	3	3	3	3	3	3	3	3
17	17	17	17	17	17	17	17	17	17
1	1	1	1	1	1	1	1	1	1
6	6	6	6	6	6	6	6	6	6
14	14	14	14	14	14	14	14	14	14
7	7	7	7	7	7	7	7	7	7
9	9	9	9	9	9	9	9	9	9
7	7	7	7	7	7	7	7	7	7
17	17	17	17	17	17	17	17	17	17
3	3	3	3	3	3	3	3	3	3
15	15	15	15	15	15	15	15	15	15
19	19	19	19	19	19	19	19	19	19
9	9	9	9	9	9	9	9	9	9
13	13	13	13	13	13	13	13	13	13
8	8	8	8	8	8	8	8	8	8
5	5	5	5	5	5	5	5	5	5
13	13	13	13	13	13	13	13	13	13
10	10	10	10	10	10	10	10	10	10
]
w:[
2.9	2.9	2.9	2.9	2.9	2.9	2.9	2.9	2.9	2.9
4.7	4.7	4.7	4.7	4.7	4.7	4.7	4.7	4.7	4.7
4.0	4.0	4.0	4.0	4.0	4.0	4.0	4.0	4.0	4.0
8.7	8.7	8.7	8.7	8.7	8.7	8.7	8.7	8.7	8.7
1.3	1.3	1.3	1.3	1.3	1.3	1.3	1.3	1.3	1.3
0.5	0.5	0.5	0.5	0.5	0.5	0.5	0.5	0.5	0.5
2.5	2.5	2.5	2.5	2.5	2.5	2.5	2.5	2.5	2.5
1.4	1.4	1.4	1.4	1.4	1.4	1.4	1.4	1.4	1.4
1.7	1.7	1.7	1.7	1.7	1.7	1.7	1.7	1.7	1.7
6.0	6.0	6.0	6.0	6.0	6.0	6.0	6.0	6.0	6.0
7.7	7.7	7.7	7.7	7.7	7.7	7.7	7.7	7.7	7.7
1.4	1.4	1.4	1.4	1.4	1.4	1.4	1.4	1.4	1.4
9.4	9.4	9.4	9.4	9.4	9.4	9.4	9.4	9.4	9.4
7.2	7.2	7.2	7.2	7.2	7.2	7.2	7.2	7.2	7.2
4.9	4.9	4.9	4.9	4.9	4.9	4.9	4.9	4.9	4.9
6.5	6.5	6.5	6.5	6.5	6.5	6.5	6.5	6.5	6.5
5.6	5.6	5.6	5.6	5.6	5.6	5.6	5.6	5.6	5.6
1.3	1.3	1.3	1.3	1.3	1.3	1.3	1.3	1.3	1.3
3.2	3.2	3.2	3.2	3.2	3.2	3.2	3.2	3.2	3.2
9.4	9.4	9.4	9.4	9.4	9.4	9.4	9.4	9.4	9.4
0.6	0.6	0.6	0.6	0.6	0.6	0.6	0.6	0.6	0.6
8.3	8.3	8.3	8.3	8.3	8.3	8.3	8.3	8.3	8.3
1.1	1.1	1.1	1.1	1.1	1.1	1.1	1.1	1.1	1.1
7.9	7.9	7.9	7.9	7.9	7.9	7.9	7.9	7.9	7.9
8.1	8.1	8.1	8.1	8.1	8.1	8.1	8.1	8.1	8.1
4.4	4.4	4.4	4.4	4.4	4.4	4.4	4.4	4.4	4.4
8.1	8.1	8.1	8.1	8.1	8.1	8.1	8.1	8.1	8.1
1.9	1.9	1.9	1.9	1.9	1.9	1.9	1.9	1.9	1.9
8.0	8.0	8.0	8.0	8.0	8.0	8.0	8.0	8.0	8.0
7.3	7.3	7.3	7.3	7.3	7.3	7.3	7.3	7.3	7.3
8.6	8.6	8.6	8.6	8.6	8.6	8.6	8.6	8.6	8.6
5.8	5.8	5.8	5.8	5.8	5.8	5.8	5.8	5.8	5.8
5.5	5.5	5.5	5.5	5.5	5.5	5.5	5.5	5.5	5.5
3.1	3.1	3.1	3.1	3.1	3.1	3.1	3.1	3.1	3.1
9.0	9.0	9.0	9.0	9.0	9.0	9.0	9.0	9.0	9.0
5.6	5.6	5.6	5.6	5.6	5.6	5.6	5.6	5.6	5.6
4.8	4.8	4.8	4.8	4.8	4.8	4.8	4.8	4.8	4.8
1.8	1.8	1.8	1.8	1.8	1.8	1.8	1.8	1.8	1.8
0.9	0.9	0.9	0.9	0.9	0.9	0.9	0.9	0.9	0.9
1.8	1.8	1.8	1.8	1.8	1.8	1.8	1.8	1.8	1.8
3.4	3.4	3.4	3.4	3.4	3.4	3.4	3.4	3.4	3.4
3.5	3.5	3.5	3.5	3.5	3.5	3.5	3.5	3.5	3.5
5.9	5.9	5.9	5.9	5.9	5.9	5.9	5.9	5.9	5.9
4.9	4.9	4.9	4.9	4.9	4.9	4.9	4.9	4.9	4.9
9.5	9.5	9.5	9.5	9.5	9.5	9.5	9.5	9.5	9.5
3.4	3.4	3.4	3.4	3.4	3.4	3.4	3.4	3.4	3.4
7.7	7.7	7.7	7.7	7.7	7.7	7.7	7.7	7.7	7.7
3.6	3.6	3.6	3.6	3.6	3.6	3.6	3.6	3.6	3.6
2.0	2.0	2.0	2.0	2.0	2.0	2.0	2.0	2.0	2.0
5.7	5.7	5.7	5.7	5.7	5.7	5.7	5.7	5.7	5.7
2.4	2.4	2.4	2.4	2.4	2.4	2.4	2.4	2.4	2.4
1.8	1.8	1.8	1.8	1.8	1.8	1.8	1.8	1.8	1.8
1.7	1.7	1.7	1.7	1.7	1.7	1.7	1.7	1.7	1.7
5.2	5.2	5.2	5.2	5.2	5.2	5.2	5.2	5.2	5.2
7.7	7.7	7.7	7.7	7.7	7.7	7.7	7.7	7.7	7.7
5.8	5.8	5.8	5.8	5.8	5.8	5.8	5.8	5.8	5.8
3.1	3.1	3.1	3.1	3.1	3.1	3.1	3.1	3.1	3.1
0.2	0.2	0.2	0.2	0.2	0.2	0.2	0.2	0.2	0.2
1.9	1.9	1.9	1.9	1.9	1.9	1.9	1.9	1.9	1.9
2.3	2.3	2.3	2.3	2.3	2.3	2.3	2.3	2.3	2.3
9.4	9.4	9.4	9.4	9.4	9.4	9.4	9.4	9.4	9.4
6.4	6.4	6.4	6.4	6.4	6.4	6.4	6.4	6.4	6.4
4.1	4.1	4.1	4.1	4.1	4.1	4.1	4.1	4.1	4.1
3.4	3.4	3.4	3.4	3.4	3.4	3.4	3.4	3.4	3.4
3.9	3.9	3.9	3.9	3.9	3.9	3.9	3.9	3.9	3.9
5.0	5.0	5.0	5.0	5.0	5.0	5.0	5.0	5.0	5.0
7.4	7.4	7.4	7.4	7.4	7.4	7.4	7.4	7.4	7.4
1.7	1.7	1.7	1.7	1.7	1.7	1.7	1.7	1.7	1.7
4.6	4.6	4.6	4.6	4.6	4.6	4.6	4.6	4.6	4.6
4.9	4.9	4.9	4.9	4.9	4.9	4.9	4.9	4.9	4.9
0.7	0.7	0.7	0.7	0.7	0.7	0.7	0.7	0.7	0.7
6.8	6.8	6.8	6.8	6.8	6.8	6.8	6.8	6.8	6.8
4.2	4.2	4.2	4.2	4.2	4.2	4.2	4.2	4.2	4.2
3.4	3.4	3.4	3.4	3.4	3.4	3.4	3.4	3.4	3.4
2.6	2.6	2.6	2.6	2.6	2.6	2.6	2.6	2.6	2.6
5.4	5.4	5.4	5.4	5.4	5.4	5.4	5.4	5.4	5.4
2.5	2.5	2.5	2.5	2.5	2.5	2.5	2.5	2.5	2.5
4.8	4.8	4.8	4.8	4.8	4.8	4.8	4.8	4.8	4.8
5.8	5.8	5.8	5.8	5.8	5.8	5.8	5.8	5.8	5.8
7.2	7.2	7.2	7.2	7.2	7.2	7.2	7.2	7.2	7.2
4.7	4.7	4.7	4.7	4.7	4.7	4.7	4.7	4.7	4.7
8.7	8.7	8.7	8.7	8.7	8.7	8.7	8.7	8.7	8.7
9.3	9.3	9.3	9.3	9.3	9.3	9.3	9.3	9.3	9.3
6.4	6.4	6.4	6.4	6.4	6.4	6.4	6.4	6.4	6.4
4.6	4.6	4.6	4.6	4.6	4.6	4.6	4.6	4.6	4.6
1.3	1.3	1.3	1.3	1.3	1.3	1.3	1.3	1.3	1.3
0.9	0.9	0.9	0.9	0.9	0.9	0.9	0.9	0.9	0.9
3.0	3.0	3.0	3.0	3.0	3.0	3.0	3.0	3.0	3.0
1.0	1.0	1.0	1.0	1.0	1.0	1.0	1.0	1.0	1.0
7.4	7.4	7.4	7.4	7.4	7.4	7.4	7.4	7.4	7.4
0.4	0.4	0.4	0.4	0.4	0.4	0.4	0.4	0.4	0.4
2.2	2.2	2.2	2.2	2.2	2.2	2.2	2.2	2.2	2.2
3.0	3.0	3.0	3.0	3.0	3.0	3.0	3.0	3.0	3.0
4.7	4.7	4.7	4.7	4.7	4.7	4.7	4.7	4.7	4.7
4.5	4.5	4.5	4.5	4.5	4.5	4.5	4.5	4.5	4.5
7.0	7.0	7.0	7.0	7.0	7.0	7.0	7.0	7.0	7.0
5.0	5.0	5.0	5.0	5.0	5.0	5.0	5.0	5.0	5.0
7.4	7.4	7.4	7.4	7.4	7.4	7.4	7.4	7.4	7.4
6.5	6.5	6.5	6.5	6.5	6.5	6.5	6.5	6.5	6.5
8.0	8.0	8.0	8.0	8.0	8.0	8.0	8.0	8.0	8.0
6.6	6.6	6.6	6.6	6.6	6.6	6.6	6.6	6.6	6.6
6.7	6.7	6.7	6.7	6.7	6.7	6.7	6.7	6.7	6.7
3.2	3.2	3.2	3.2	3.2	3.2	3.2	3.2	3.2	3.2
4.6	4.6	4.6	4.6	4.6	4.6	4.6	4.6	4.6	4.6
5.5	5.5	5.5	5.5	5.5	5.5	5.5	5.5	5.5	5.5
6.8	6.8	6.8	6.8	6.8	6.8	6.8	6.8	6.8	6.8
0.8	0.8	0.8	0.8	0.8	0.8	0.8	0.8	0.8	0.8
2.0	2.0	2.0	2.0	2.0	2.0	2.0	2.0	2.0	2.0
0.3	0.3	0.3	0.3	0.3	0.3	0.3	0.3	0.3	0.3
4.9	4.9	4.9	4.9	4.9	4.9	4.9	4.9	4.9	4.9
6.5	6.5	6.5	6.5	6.5	6.5	6.5	6.5	6.5	6.5
5.2	5.2	5.2	5.2	5.2	5.2	5.2	5.2	5.2	5.2
5.0	5.0	5.0	5.0	5.0	5.0	5.0	5.0	5.0	5.0
3.8	3.8	3.8	3.8	3.8	3.8	3.8	3.8	3.8	3.8
5.9	5.9	5.9	5.9	5.9	5.9	5.9	5.9	5.9	5.9
7.1	7.1	7.1	7.1	7.1	7.1	7.1	7.1	7.1	7.1
3.9	3.9	3.9	3.9	3.9	3.9	3.9	3.9	3.9	3.9
2.2	2.2	2.2	2.2	2.2	2.2	2.2	2.2	2.2	2.2
5.5	5.5	5.5	5.5	5.5	5.5	5.5	5.5	5.5	5.5
6.9	6.9	6.9	6.9	6.9	6.9	6.9	6.9	6.9	6.9
3.5	3.5	3.5	3.5	3.5	3.5	3.5	3.5	3.5	3.5
3.5	3.5	3.5	3.5	3.5	3.5	3.5	3.5	3.5	3.5
8.8	8.8	8.8	8.8	8.8	8.8	8.8	8.8	8.8	8.8
1.8	1.8	1.8	1.8	1.8	1.8	1.8	1.8	1.8	1.8
3.9	3.9	3.9	3.9	3.9	3.9	3.9	3.9	3.9	3.9
3.0	3.0	3.0	3.0	3.0	3.0	3.0	3.0	3.0	3.0
1.6	1.6	1.6	1.6	1.6	1.6	1.6	1.6	1.6	1.6
4.7	4.7	4.7	4.7	4.7	4.7	4.7	4.7	4.7	4.7
7.1	7.1	7.1	7.1	7.1	7.1	7.1	7.1	7.1	7.1
2.8	2.8	2.8	2.8	2.8	2.8	2.8	2.8	2.8	2.8
4.7	4.7	4.7	4.7	4.7	4.7	4.7	4.7	4.7	4.7
8.2	8.2	8.2	8.2	8.2	8.2	8.2	8.2	8.2	8.2
1.6	1.6	1.6	1.6	1.6	1.6	1.6	1.6	1.6	1.6
7.3	7.3	7.3	7.3	7.3	7.3	7.3	7.3	7.3	7.3
9.1	9.1	9.1	9.1	9.1	9.1	9.1	9.1	9.1	9.1
9.7	9.7	9.7	9.7	9.7	9.7	9.7	9.7	9.7	9.7
5.9	5.9	5.9	5.9	5.9	5.9	5.9	5.9	5.9	5.9
2.2	2.2	2.2	2.2	2.2	2.2	2.2	2.2	2.2	2.2
0.6	0.6	0.6	0.6	0.6	0.6	0.6	0.6	0.6	0.6
9.1	9.1	9.1	9.1	9.1	9.1	9.1	9.1	9.1	9.1
2.2	2.2	2.2	2.2	2.2	2.2	2.2	2.2	2.2	2.2
9.0	9.0	9.0	9.0	9.0	9.0	9.0	9.0	9.0	9.0
1.4	1.4	1.4	1.4	1.4	1.4	1.4	1.4	1.4	1.4
6.0	6.0	6.0	6.0	6.0	6.0	6.0	6.0	6.0	6.0
4.4	4.4	4.4	4.4	4.4	4.4	4.4	4.4	4.4	4.4
4.2	4.2	4.2	4.2	4.2	4.2	4.2	4.2	4.2	4.2
2.6	2.6	2.6	2.6	2.6	2.6	2.6	2.6	2.6	2.6
3.6	3.6	3.6	3.6	3.6	3.6	3.6	3.6	3.6	3.6
3.1	3.1	3.1	3.1	3.1	3.1	3.1	3.1	3.1	3.1
9.0	9.0	9.0	9.0	9.0	9.0	9.0	9.0	9.0	9.0
1.6	1.6	1.6	1.6	1.6	1.6	1.6	1.6	1.6	1.6
7.7	7.7	7.7	7.7	7.7	7.7	7.7	7.7	7.7	7.7
1.8	1.8	1.8	1.8	1.8	1.8	1.8	1.8	1.8	1.8
7.2	7.2	7.2	7.2	7.2	7.2	7.2	7.2	7.2	7.2
3.4	3.4	3.4	3.4	3.4	3.4	3.4	3.4	3.4	3.4
4.8	4.8	4.8	4.8	4.8	4.8	4.8	4.8	4.8	4.8
1.6	1.6	1.6	1.6	1.6	1.6	1.6	1.6	1.6	1.6
4.4	4.4	4.4	4.4	4.4	4.4	4.4	4.4	4.4	4.4
4.2	4.2	4.2	4.2	4.2	4.2	4.2	4.2	4.2	4.2
5.9	5.9	5.9	5.9	5.9	5.9	5.9	5.9	5.9	5.9
7.6	7.6	7.6	7.6	7.6	7.6	7.6	7.6	7.6	7.6
0.7	0.7	0.7	0.7	0.7	0.7	0.7	0.7	0.7	0.7
1.0	1.0	1.0	1.0	1.0	1.0	1.0	1.0	1.0	1.0
1.4	1.4	1.4	1.4	1.4	1.4	1.4	1.4	1.4	1.4
2.9	2.9	2.9	2.9	2.9	2.9	2.9	2.9	2.9	2.9
6.8	6.8	6.8	6.8	6.8	6.8	6.8	6.8	6.8	6.8
0.9	0.9	0.9	0.9	0.9	0.9	0.9	0.9	0.9	0.9
3.7	3.7	3.7	3.7	3.7	3.7	3.7	3.7	3.7	3.7
1.6	1.6	1.6	1.6	1.6	1.6	1.6	1.6	1.6	1.6
1.2	1.2	1.2	1.2	1.2	1.2	1.2	1.2	1.2	1.2
6.6	6.6	6.6	6.6	6.6	6.6	6.6	6.6	6.6	6.6
6.3	6.3	6.3	6.3	6.3	6.3	6.3	6.3	6.3	6.3
2.8	2.8	2.8	2.8	2.8	2.8	2.8	2.8	2.8	2.8
6.1	6.1	6.1	6.1	6.1	6.1	6.1	6.1	6.1	6.1
3.5	3.5	3.5	3.5	3.5	3.5	3.5	3.5	3.5	3.5
4.7	4.7	4.7	4.7	4.7	4.7	4.7	4.7	4.7	4.7
4.3	4.3	4.3	4.3	4.3	4.3	4.3	4.3	4.3	4.3
2.8	2.8	2.8	2.8	2.8	2.8	2.8	2.8	2.8	2.8
1.1	1.1	1.1	1.1	1.1	1.1	1.1	1.1	1.1	1.1
1.8	1.8	1.8	1.8	1.8	1.8	1.8	1.8	1.8	1.8
9.8	9.8	9.8	9.8	9.8	9.8	9.8	9.8	9.8	9.8
6.1	6.1	6.1	6.1	6.1	6.1	6.1	6.1	6.1	6.1
9.6	9.6	9.6	9.6	9.6	9.6	9.6	9.6	9.6	9.6
2.4	2.4	2.4	2.4	2.4	2.4	2.4	2.4	2.4	2.4
3.0	3.0	3.0	3.0	3.0	3.0	3.0	3.0	3.0	3.0
3.0	3.0	3.0	3.0	3.0	3.0	3.0	3.0	3.0	3.0
1.7	1.7	1.7	1.7	1.7	1.7	1.7	1.7	1.7	1.7
1.0	1.0	1.0	1.0	1.0	1.0	1.0	1.0	1.0	1.0
4.2	4.2	4.2	4.2	4.2	4.2	4.2	4.2	4.2	4.2
6.9	6.9	6.9	6.9	6.9	6.9	6.9	6.9	6.9	6.9
4.8	4.8	4.8	4.8	4.8	4.8	4.8	4.8	4.8	4.8
5.3	5.3	5.3	5.3	5.3	5.3	5.3	5.3	5.3	5.3
4.4	4.4	4.4	4.4	4.4	4.4	4.4	4.4	4.4	4.4
2.9	2.9	2.9	2.9	2.9	2.9	2.9	2.9	2.9	2.9
4.3	4.3	4.3	4.3	4.3	4.3	4.3	4.3	4.3	4.3
8.0	8.0	8.0	8.0	8.0	8.0	8.0	8.0	8.0	8.0
2.6	2.6	2.6	2.6	2.6	2.6	2.6	2.6	2.6	2.6
2.5	2.5	2.5	2.5	2.5	2.5	2.5	2.5	2.5	2.5
2.6	2.6	2.6	2.6	2.6	2.6	2.6	2.6	2.6	2.6
8.1	8.1	8.1	8.1	8.1	8.1	8.1	8.1	8.1	8.1
]
