N_MACHINES:10	N_JOBS:100	CHARGING_TIME:60	INITIAL_CHARGE:10
D:[
4	4	4	4	4	4	4	4	4	4
11	11	11	11	11	11	11	11	11	11
18	18	18	18	18	18	18	18	18	18
8	8	8	8	8	8	8	8	8	8
9	9	9	9	9	9	9	9	9	9
4	4	4	4	4	4	4	4	4	4
12	12	12	12	12	12	12	12	12	12
12	12	12	12	12	12	12	12	12	12
22	22	22	22	22	22	22	22	22	22
3	3	3	3	3	3	3	3	3	3
1	1	1	1	1	1	1	1	1	1
5	5	5	5	5	5	5	5	5	5
24	24	24	24	24	24	24	24	24	24
12	12	12	12	12	12	12	12	12	12
16	16	16	16	16	16	16	16	16	16
0	0	0	0	0	0	0	0	0	0
18	18	18	18	18	18	18	18	18	18
22	22	22	22	22	22	22	22	22	22
15	15	15	15	15	15	15	15	15	15
3	3	3	3	3	3	3	3	3	3
13	13	13	13	13	13	13	13	13	13
11	11	11	11	11	11	11	11	11	11
13	13	13	13	13	13	13	13	13	13
6	6	6	6	6	6	6	6	6	6
17	17	17	17	17	17	17	17	17	17
17	17	17	17	17	17	17	17	17	17
18	18	18	18	18	18	18	18	18	18
7	7	7	7	7	7	7	7	7	7
8	8	8	8	8	8	8	8	8	8
11	11	11	11	11	11	11	11	11	11
26	26	26	26	26	26	26	26	26	26
9	9	9	9	9	9	9	9	9	9
3	3	3	3	3	3	3	3	3	3
11	11	11	11	11	11	11	11	11	11
16	16	16	16	16	16	16	16	16	16
5	5	5	5	5	5	5	5	5	5
2	2	2	2	2	2	2	2	2	2
2	2	2	2	2	2	2	2	2	2
12	12	12	12	12	12	12	12	12	12
10	10	10	10	10	10	10	10	10	10
13	13	13	13	13	13	13	13	13	13
24	24	24	24	24	24	24	24	24	24
6	6	6	6	6	6	6	6	6	6
5	5	5	5	5	5	5	5	5	5
4	4	4	4	4	4	4	4	4	4
23	23	23	23	23	23	23	23	23	23
9	9	9	9	9	9	9	9	9	9
1	1	1	1	1	1	1	1	1	1
28	28	28	28	28	28	28	28	28	28
20	20	20	20	20	20	20	20	20	20
5	5	5	5	5	5	5	5	5	5
23	23	23	23	23	23	23	23	23	23
10	10	10	10	10	10	10	10	10	10
7	7	7	7	7	7	7	7	7	7
12	12	12	12	12	12	12	12	12	12
3	3	3	3	3	3	3	3	3	3
2	2	2	2	2	2	2	2	2	2
33	33	33	33	33	33	33	33	33	33
11	11	11	11	11	11	11	11	11	11
19	19	19	19	19	19	19	19	19	19
0	0	0	0	0	0	0	0	0	0
22	22	22	22	22	22	22	22	22	22
6	6	6	6	6	6	6	6	6	6
0	0	0	0	0	0	0	0	0	0
33	33	33	33	33	33	33	33	33	33
13	13	13	13	13	13	13	13	13	13
31	31	31	31	31	31	31	31	31	31
17	17	17	17	17	17	17	17	17	17
19	19	19	19	19	19	19	19	19	19
20	20	20	20	20	20	20	20	20	20
11	11	11	11	11	11	11	11	11	11
22	22	22	22	22	22	22	22	22	22
6	6	6	6	6	6	6	6	6	6
1	1	1	1	1	1	1	1	1	1
35	35	35	35	35	35	35	35	35	35
15	15	15	15	15	15	15	15	15	15
12	12	12	12	12	12	12	12	12	12
12	12	12	12	12	12	12	12	12	12
1	1	1	1	1	1	1	1	1	1
11	11	11	11	11	11	11	11	11	11
11	11	11	11	11	11	11	11	11	11
32	32	32	32	32	32	32	32	32	32
19	19	19	19	19	19	19	19	19	19
10	10	10	10	10	10	10	10	10	10
13	13	13	13	13	13	13	13	13	13
17	17	17	17	17	17	17	17	17	17
17	17	17	17	17	17	17	17	17	17
5	5	5	5	5	5	5	5	5	5
6	6	6	6	6	6	6	6	6	6
11	11	11	11	11	11	11	11	11	11
29	29	29	29	29	29	29	29	29	29
18	18	18	18	18	18	18	18	18	18
7	7	7	7	7	7	7	7	7	7
15	15	15	15	15	15	15	15	15	15
9	9	9	9	9	9	9	9	9	9
2	2	2	2	2	2	2	2	2	2
4	4	4	4	4	4	4	4	4	4
3	3	3	3	3	3	3	3	3	3
12	12	12	12	12	12	12	12	12	12
20	20	20	20	20	20	20	20	20	20
]
w:[
1.0	1.0	1.0	1.0	1.0	1.0	1.0	1.0	1.0	1.0
0.7	0.7	0.7	0.7	0.7	0.7	0.7	0.7	0.7	0.7
2.1	2.1	2.1	2.1	2.1	2.1	2.1	2.1	2.1	2.1
0.9	0.9	0.9	0.9	0.9	0.9	0.9	0.9	0.9	0.9
1.3	1.3	1.3	1.3	1.3	1.3	1.3	1.3	1.3	1.3
0.3	0.3	0.3	0.3	0.3	0.3	0.3	0.3	0.3	0.3
1.4	1.4	1.4	1.4	1.4	1.4	1.4	1.4	1.4	1.4
2.8	2.8	2.8	2.8	2.8	2.8	2.8	2.8	2.8	2.8
2.6	2.6	2.6	2.6	2.6	2.6	2.6	2.6	2.6	2.6
1.3	1.3	1.3	1.3	1.3	1.3	1.3	1.3	1.3	1.3
1.1	1.1	1.1	1.1	1.1	1.1	1.1	1.1	1.1	1.1
4.0	4.0	4.0	4.0	4.0	4.0	4.0	4.0	4.0	4.0
1.5	1.5	1.5	1.5	1.5	1.5	1.5	1.5	1.5	1.5
0.2	0.2	0.2	0.2	0.2	0.2	0.2	0.2	0.2	0.2
0.4	0.4	0.4	0.4	0.4	0.4	0.4	0.4	0.4	0.4
0.2	0.2	0.2	0.2	0.2	0.2	0.2	0.2	0.2	0.2
1.1	1.1	1.1	1.1	1.1	1.1	1.1	1.1	1.1	1.1
1.3	1.3	1.3	1.3	1.3	1.3	1.3	1.3	1.3	1.3
2.0	2.0	2.0	2.0	2.0	2.0	2.0	2.0	2.0	2.0
0.8	0.8	0.8	0.8	0.8	0.8	0.8	0.8	0.8	0.8
1.0	1.0	1.0	1.0	1.0	1.0	1.0	1.0	1.0	1.0
2.3	2.3	2.3	2.3	2.3	2.3	2.3	2.3	2.3	2.3
1.2	1.2	1.2	1.2	1.2	1.2	1.2	1.2	1.2	1.2
1.0	1.0	1.0	1.0	1.0	1.0	1.0	1.0	1.0	1.0
0.5	0.5	0.5	0.5	0.5	0.5	0.5	0.5	0.5	0.5
1.4	1.4	1.4	1.4	1.4	1.4	1.4	1.4	1.4	1.4
1.1	1.1	1.1	1.1	1.1	1.1	1.1	1.1	1.1	1.1
2.9	2.9	2.9	2.9	2.9	2.9	2.9	2.9	2.9	2.9
1.6	1.6	1.6	1.6	1.6	1.6	1.6	1.6	1.6	1.6
1.2	1.2	1.2	1.2	1.2	1.2	1.2	1.2	1.2	1.2
0.9	0.9	0.9	0.9	0.9	0.9	0.9	0.9	0.9	0.9
2.3	2.3	2.3	2.3	2.3	2.3	2.3	2.3	2.3	2.3
0.4	0.4	0.4	0.4	0.4	0.4	0.4	0.4	0.4	0.4
1.5	1.5	1.5	1.5	1.5	1.5	1.5	1.5	1.5	1.5
0.4	0.4	0.4	0.4	0.4	0.4	0.4	0.4	0.4	0.4
1.6	1.6	1.6	1.6	1.6	1.6	1.6	1.6	1.6	1.6
1.1	1.1	1.1	1.1	1.1	1.1	1.1	1.1	1.1	1.1
1.4	1.4	1.4	1.4	1.4	1.4	1.4	1.4	1.4	1.4
1.7	1.7	1.7	1.7	1.7	1.7	1.7	1.7	1.7	1.7
2.1	2.1	2.1	2.1	2.1	2.1	2.1	2.1	2.1	2.1
2.5	2.5	2.5	2.5	2.5	2.5	2.5	2.5	2.5	2.5
1.2	1.2	1.2	1.2	1.2	1.2	1.2	1.2	1.2	1.2
1.7	1.7	1.7	1.7	1.7	1.7	1.7	1.7	1.7	1.7
0.5	0.5	0.5	0.5	0.5	0.5	0.5	0.5	0.5	0.5
0.4	0.4	0.4	0.4	0.4	0.4	0.4	0.4	0.4	0.4
0.1	0.1	0.1	0.1	0.1	0.1	0.1	0.1	0.1	0.1
2.5	2.5	2.5	2.5	2.5	2.5	2.5	2.5	2.5	2.5
0.8	0.8	0.8	0.8	0.8	0.8	0.8	0.8	0.8	0.8
1.1	1.1	1.1	1.1	1.1	1.1	1.1	1.1	1.1	1.1
0.9	0.9	0.9	0.9	0.9	0.9	0.9	0.9	0.9	0.9
2.1	2.1	2.1	2.1	2.1	2.1	2.1	2.1	2.1	2.1
1.5	1.5	1.5	1.5	1.5	1.5	1.5	1.5	1.5	1.5
1.0	1.0	1.0	1.0	1.0	1.0	1.0	1.0	1.0	1.0
1.3	1.3	1.3	1.3	1.3	1.3	1.3	1.3	1.3	1.3
1.7	1.7	1.7	1.7	1.7	1.7	1.7	1.7	1.7	1.7
3.1	3.1	3.1	3.1	3.1	3.1	3.1	3.1	3.1	3.1
0.8	0.8	0.8	0.8	0.8	0.8	0.8	0.8	0.8	0.8
1.7	1.7	1.7	1.7	1.7	1.7	1.7	1.7	1.7	1.7
2.1	2.1	2.1	2.1	2.1	2.1	2.1	2.1	2.1	2.1
1.4	1.4	1.4	1.4	1.4	1.4	1.4	1.4	1.4	1.4
1.2	1.2	1.2	1.2	1.2	1.2	1.2	1.2	1.2	1.2
1.0	1.0	1.0	1.0	1.0	1.0	1.0	1.0	1.0	1.0
1.5	1.5	1.5	1.5	1.5	1.5	1.5	1.5	1.5	1.5
2.0	2.0	2.0	2.0	2.0	2.0	2.0	2.0	2.0	2.0
0.4	0.4	0.4	0.4	0.4	0.4	0.4	0.4	0.4	0.4
0.7	0.7	0.7	0.7	0.7	0.7	0.7	0.7	0.7	0.7
1.7	1.7	1.7	1.7	1.7	1.7	1.7	1.7	1.7	1.7
1.5	1.5	1.5	1.5	1.5	1.5	1.5	1.5	1.5	1.5
1.3	1.3	1.3	1.3	1.3	1.3	1.3	1.3	1.3	1.3
1.5	1.5	1.5	1.5	1.5	1.5	1.5	1.5	1.5	1.5
0.7	0.7	0.7	0.7	0.7	0.7	0.7	0.7	0.7	0.7
0.1	0.1	0.1	0.1	0.1	0.1	0.1	0.1	0.1	0.1
0.1	0.1	0.1	0.1	0.1	0.1	0.1	0.1	0.1	0.1
2.2	2.2	2.2	2.2	2.2	2.2	2.2	2.2	2.2	2.2
0.5	0.5	0.5	0.5	0.5	0.5	0.5	0.5	0.5	0.5
1.9	1.9	1.9	1.9	1.9	1.9	1.9	1.9	1.9	1.9
0.8	0.8	0.8	0.8	0.8	0.8	0.8	0.8	0.8	0.8
0.9	0.9	0.9	0.9	0.9	0.9	0.9	0.9	0.9	0.9
1.2	1.2	1.2	1.2	1.2	1.2	1.2	1.2	1.2	1.2
0.1	0.1	0.1	0.1	0.1	0.1	0.1	0.1	0.1	0.1
2.4	2.4	2.4	2.4	2.4	2.4	2.4	2.4	2.4	2.4
0.1	0.1	0.1	0.1	0.1	0.1	0.1	0.1	0.1	0.1
1.9	1.9	1.9	1.9	1.9	1.9	1.9	1.9	1.9	1.9
0.1	0.1	0.1	0.1	0.1	0.1	0.1	0.1	0.1	0.1
1.4	1.4	1.4	1.4	1.4	1.4	1.4	1.4	1.4	1.4
1.6	1.6	1.6	1.6	1.6	1.6	1.6	1.6	1.6	1.6
1.2	1.2	1.2	1.2	1.2	1.2	1.2	1.2	1.2	1.2
1.6	1.6	1.6	1.6	1.6	1.6	1.6	1.6	1.6	1.6
0.6	0.6	0.6	0.6	0.6	0.6	0.6	0.6	0.6	0.6
1.0	1.0	1.0	1.0	1.0	1.0	1.0	1.0	1.0	1.0
2.2	2.2	2.2	2.2	2.2	2.2	2.2	2.2	2.2	2.2
2.6	2.6	2.6	2.6	2.6	2.6	2.6	2.6	2.6	2.6
1.8	1.8	1.8	1.8	1.8	1.8	1.8	1.8	1.8	1.8
4.2	4.2	4.2	4.2	4.2	4.2	4.2	4.2	4.2	4.2
2.1	2.1	2.1	2.1	2.1	2.1	2.1	2.1	2.1	2.1
0.3	0.3	0.3	0.3	0.3	0.3	0.3	0.3	0.3	0.3
0.4	0.4	0.4	0.4	0.4	0.4	0.4	0.4	0.4	0.4
1.7	1.7	1.7	1.7	1.7	1.7	1.7	1.7	1.7	1.7
0.6	0.6	0.6	0.6	0.6	0.6	0.6	0.6	0.6	0.6
0.6	0.6	0.6	0.6	0.6	0.6	0.6	0.6	0.6	0.6
]
